# SST camera window transmission for vertical incidence used for LST simulation
# Averaged over position across the window
#
#W.L.[nm]	Transmissivity [%]
259	0.005606
260	0.001880
261	-0.002505
262	-0.005487
263	-0.005247
264	-0.001879
265	0.002641
266	0.006615
267	0.009121
268	0.010020
269	0.009766
270	0.008513
271	0.005591
272	0.000736
273	-0.004018
274	-0.005549
275	-0.002466
276	0.003052
277	0.005893
278	0.002774
279	-0.003608
280	-0.007429
281	-0.006521
282	-0.003091
283	-0.000093
284	0.001836
285	0.005073
286	0.012089
287	0.022728
288	0.035077
289	0.048061
290	0.061198
291	0.075149
292	0.090842
293	0.109025
294	0.130637
295	0.158256
296	0.193335
297	0.234804
298	0.280044
299	0.325523
300	0.370353
301	0.413004
302	0.451733
303	0.485361
304	0.514282
305	0.540786
306	0.566446
307	0.592190
308	0.617642
309	0.641803
310	0.662783
311	0.679419
312	0.690818
313	0.696616
314	0.697550
315	0.694621
316	0.689497
317	0.684890
318	0.685113
319	0.693102
320	0.708400
321	0.727766
322	0.748224
323	0.766719
324	0.782315
325	0.795741
326	0.807945
327	0.818824
328	0.826560
329	0.829156
330	0.825378
331	0.815698
332	0.802036
333	0.786097
334	0.770299
335	0.756765
336	0.748586
337	0.747753
338	0.754809
339	0.767742
340	0.783129
341	0.796437
342	0.804765
343	0.807475
344	0.807014
345	0.806518
346	0.808383
347	0.813360
348	0.819944
349	0.824541
350	0.823045
351	0.813028
352	0.794643
353	0.770482
354	0.744083
355	0.717942
356	0.694838
357	0.677665
358	0.668923
359	0.669564
360	0.679134
361	0.695688
362	0.716700
363	0.739515
364	0.761095
365	0.779953
366	0.795625
367	0.807753
368	0.814939
369	0.816734
370	0.814702
371	0.811811
372	0.809998
373	0.809294
374	0.808795
375	0.807424
376	0.803993
377	0.798301
378	0.792300
379	0.788882
380	0.790267
381	0.796638
382	0.806999
383	0.820104
384	0.834907
385	0.850446
386	0.865734
387	0.879884
388	0.892085
389	0.901822
390	0.908837
391	0.913229
392	0.916080
393	0.918833
394	0.922341
395	0.926351
396	0.929181
397	0.928876
398	0.925159
399	0.919654
400	0.914340
401	0.910270
402	0.907630
403	0.906518
404	0.907093
405	0.908891
406	0.910619
407	0.910982
408	0.910027
409	0.909319
410	0.909859
411	0.910856
412	0.911070
413	0.910406
414	0.909948
415	0.910556
416	0.911833
417	0.913004
418	0.913644
419	0.913473
420	0.912745
421	0.912656
422	0.914699
423	0.918869
424	0.923346
425	0.926152
426	0.926795
427	0.926437
428	0.926677
429	0.927978
430	0.929278
431	0.929368
432	0.928093
433	0.926381
434	0.925352
435	0.925401
436	0.926339
437	0.927808
438	0.929646
439	0.931780
440	0.933589
441	0.934357
442	0.934537
443	0.934763
444	0.934474
445	0.932489
446	0.927948
447	0.921262
448	0.913684
449	0.906207
450	0.899522
451	0.893877
452	0.888926
453	0.883759
454	0.878041
455	0.871474
456	0.863897
457	0.855183
458	0.847375
459	0.843555
460	0.843912
461	0.846571
462	0.850309
463	0.854586
464	0.858927
465	0.863017
466	0.866825
467	0.870784
468	0.874894
469	0.878185
470	0.880249
471	0.882187
472	0.885235
473	0.889307
474	0.893653
475	0.897741
476	0.900920
477	0.902229
478	0.901179
479	0.898346
480	0.894826
481	0.892138
482	0.891943
483	0.895089
484	0.900785
485	0.906226
486	0.908561
487	0.906714
488	0.901606
489	0.895818
490	0.892233
491	0.891874
492	0.893735
493	0.896273
494	0.898683
495	0.901069
496	0.903540
497	0.905831
498	0.907539
499	0.908383
500	0.908459
501	0.907974
502	0.907401
503	0.907488
504	0.908535
505	0.910195
506	0.911338
507	0.910383
508	0.906804
509	0.901828
510	0.896528
511	0.890935
512	0.884963
513	0.878823
514	0.872020
515	0.863573
516	0.852448
517	0.838099
518	0.820122
519	0.798594
520	0.772712
521	0.742424
522	0.708781
523	0.672296
524	0.633401
525	0.590963
526	0.544632
527	0.494007
528	0.441429
529	0.388425
530	0.337164
531	0.289230
532	0.247021
533	0.210501
534	0.178859
535	0.151847
536	0.128207
537	0.107458
538	0.090189
539	0.075766
540	0.063399
541	0.052965
542	0.044936
543	0.039347
544	0.034949
545	0.030586
546	0.026005
547	0.021961
548	0.019107
549	0.016878
550	0.014246
551	0.011081
552	0.008308
553	0.007059
554	0.007986
555	0.010999
556	0.014869
557	0.016914
558	0.014841
559	0.009902
560	0.005532
561	0.004110
562	0.005502
563	0.007893
564	0.009696
565	0.010565
566	0.010950
567	0.010874
568	0.009809
569	0.007786
570	0.005676
571	0.004404
572	0.004155
573	0.004708
574	0.005964
575	0.007747
576	0.009770
577	0.011724
578	0.013260
579	0.014058
580	0.014436
581	0.015144
582	0.016852
583	0.019823
584	0.023216
585	0.025639
586	0.026865
587	0.027889
588	0.029238
589	0.030554
590	0.031392
591	0.031853
592	0.032156
593	0.032398
594	0.032242
595	0.030943
596	0.028248
597	0.025056
598	0.022690
599	0.021685
600	0.021705
601	0.021847
602	0.021255
603	0.019934
604	0.018876
605	0.018650
606	0.018795
607	0.019002
608	0.018899
609	0.017859
610	0.016157
611	0.015183
612	0.015737
613	0.016889
614	0.017323
615	0.016608
616	0.015033
617	0.013384
618	0.012371
619	0.012077
620	0.012317
621	0.012829
622	0.013489
623	0.014196
624	0.015188
625	0.017065
626	0.019624
627	0.022046
628	0.024081
629	0.026660
630	0.031160
631	0.037095
632	0.042302
633	0.044987
634	0.045036
635	0.044081
636	0.043956
637	0.045306
638	0.047285
639	0.048357
640	0.047839
641	0.046261
642	0.044496
643	0.042586
644	0.039951
645	0.036990
646	0.034681
647	0.032903
648	0.030351
649	0.026087
650	0.020277
651	0.014797
652	0.011571
653	0.010912
654	0.010984
655	0.010150
656	0.008251
657	0.005973
658	0.004061
659	0.002910
660	0.002580
661	0.002581
662	0.001954
663	0.000310
664	-0.001558
665	-0.002592
666	-0.002363
667	-0.001229
668	0.000062
669	0.000784
670	0.000489
671	-0.000721
672	-0.002365
673	-0.003815
674	-0.004349
675	-0.003834
676	-0.003167
677	-0.003365
678	-0.004655
679	-0.006518
680	-0.008051
681	-0.008589
682	-0.008376
683	-0.007982
684	-0.007490
685	-0.006610
686	-0.005406
687	-0.004320
688	-0.003886
689	-0.004250
690	-0.004793
691	-0.004733
692	-0.003833
693	-0.002741
694	-0.002739
695	-0.004114
696	-0.005671
697	-0.005845
698	-0.004132
699	-0.001730
700	-0.000247
701	-0.000557
702	-0.002433
703	-0.004405
704	-0.005120
705	-0.004371
706	-0.003195
707	-0.002626
708	-0.002916
709	-0.003895
710	-0.005199
711	-0.006536
712	-0.007991
713	-0.009280
714	-0.009277
715	-0.007061
716	-0.003323
717	0.000601
718	0.003918
719	0.006555
720	0.008668
721	0.010127
722	0.010901
723	0.011085
724	0.010583
725	0.009543
726	0.008335
727	0.007553
728	0.007731
729	0.008996
730	0.010838
731	0.012581
732	0.013895
733	0.014642
734	0.014928
735	0.014948
736	0.014966
737	0.015140
738	0.015013
739	0.014218
740	0.013278
741	0.013083
742	0.013807
743	0.014401
744	0.013595
745	0.011494
746	0.009642
747	0.009461
748	0.010867
749	0.012745
750	0.014104
751	0.014184
752	0.013238
753	0.012496
754	0.012407
755	0.012342
756	0.011764
757	0.010739
758	0.009834
759	0.009802
760	0.010856
761	0.012478
762	0.013770
763	0.014095
764	0.013890
765	0.014174
766	0.015205
767	0.016356
768	0.017047
769	0.017188
770	0.016994
771	0.016618
772	0.016104
773	0.015771
774	0.016361
775	0.018208
776	0.020499
777	0.021967
778	0.022202
779	0.021990
780	0.021915
781	0.022103
782	0.022647
783	0.023256
784	0.023339
785	0.022673
786	0.021586
787	0.020689
788	0.020459
789	0.020868
790	0.021461
791	0.021899
792	0.022152
793	0.022252
794	0.022121
795	0.022046
796	0.021954
797	0.021065
798	0.019478
799	0.018262
800	0.018217
801	0.018988
802	0.019384
803	0.018909
804	0.018385
805	0.018513
806	0.018719
807	0.017898
808	0.015843
809	0.013021
810	0.010304
811	0.009481
812	0.012336
813	0.017786
814	0.021839
815	0.022798
816	0.022262
817	0.021942
818	0.021914
819	0.021292
820	0.020269
821	0.019929
822	0.020002
823	0.019139
824	0.016414
825	0.012737
826	0.010440
827	0.011509
828	0.016025
829	0.021962
830	0.026349
831	0.027030
832	0.024060
833	0.020367
834	0.019034
835	0.021266
836	0.025600
837	0.028921
838	0.029784
839	0.029726
840	0.030192
841	0.030691
842	0.030036
843	0.028027
844	0.026003
845	0.025946
846	0.027982
847	0.030366
848	0.031907
849	0.032438
850	0.032606
851	0.033304
852	0.034181
853	0.034694
854	0.035409
855	0.037246
856	0.040189
857	0.043470
858	0.046586
859	0.049708
860	0.053291
861	0.057129
862	0.060570
863	0.063174
864	0.064105
865	0.062962
866	0.061414
867	0.062283
868	0.067649
869	0.077258
870	0.088431
871	0.098861
872	0.107975
873	0.116377
874	0.125232
875	0.134602
876	0.144438
877	0.155215
878	0.166721
879	0.179267
880	0.194861
881	0.213348
882	0.233792
883	0.257241
884	0.283929
885	0.313137
886	0.342586
887	0.370462
888	0.397182
889	0.423277
890	0.450465
891	0.478379
892	0.507140
893	0.536220
894	0.565875
895	0.593286
896	0.616455
897	0.635067
898	0.651050
899	0.666823
900	0.682285
901	0.695241
902	0.701954
903	0.701495
904	0.697071
905	0.693161
906	0.690022
907	0.684652
908	0.674643
909	0.659454
910	0.640437
911	0.621269
912	0.604616
913	0.590018
914	0.573610
915	0.554025
916	0.534014
917	0.516536
918	0.503450
919	0.494196
920	0.487020
921	0.478268
922	0.464873
923	0.448589
924	0.436171
925	0.434152
926	0.444215
927	0.458251
928	0.458134
929	0.432619
930	0.397241
931	0.378574
932	0.384030
933	0.400625
934	0.416177
935	0.426459
936	0.429621
937	0.421060
938	0.395583
939	0.357174
940	0.323095
941	0.321417
942	0.361850
943	0.389631
944	0.350850
945	0.284628
946	0.279511
947	0.346736
948	0.431402
949	0.485227
950	0.505883
951	0.513240
952	0.522302
953	0.532680
954	0.537775
955	0.535695
956	0.533222
957	0.535670
958	0.541283
959	0.547020
960	0.552787
961	0.560358
962	0.572196
963	0.587212
964	0.602362
965	0.613910
966	0.619822
967	0.621683
968	0.625447
969	0.637298
970	0.656993
971	0.676616
972	0.688530
973	0.692502
974	0.692297
975	0.691047
976	0.689786
977	0.686405
978	0.677697
979	0.664569
980	0.652956
981	0.646998
982	0.645985
983	0.648355
984	0.654771
985	0.664184
986	0.672666
987	0.677011
988	0.677171
989	0.674736
990	0.670935
991	0.666804
992	0.662940
993	0.659551
994	0.657520
995	0.657714
996	0.658767
997	0.659926
998	0.661021
999	0.657485
1000	0.646427
