# Photo detection efficiency of LCT5 SiPM from Hamamatsu
# Based on measurements by A. Nagai (University of Geneva)
200.0	0.0000000000
201.0	0.0000000000
202.0	0.0000000000
203.0	0.0000000000
204.0	0.0000000000
205.0	0.0000000000
206.0	0.0000000000
207.0	0.0000000000
208.0	0.0000000000
209.0	0.0000000000
210.0	0.0000000000
211.0	0.0000000000
212.0	0.0000000000
213.0	0.0000000000
214.0	0.0000000000
215.0	0.0000000000
216.0	0.0000000000
217.0	0.0000000000
218.0	0.0000000000
219.0	0.0000000000
220.0	0.0000000000
221.0	0.0000000000
222.0	0.0000000000
223.0	0.0000000000
224.0	0.0000000000
225.0	0.0000000000
226.0	0.0000000000
227.0	0.0000000000
228.0	0.0000000000
229.0	0.0000000000
230.0	0.0000000000
231.0	0.0000000000
232.0	0.0000000000
233.0	0.0000000000
234.0	0.0000000000
235.0	0.0000000000
236.0	0.0000000000
237.0	0.0000000000
238.0	0.0000000000
239.0	0.0000000000
240.0	0.0000000000
241.0	0.0000000000
242.0	0.0000000000
243.0	0.0000000000
244.0	0.0000000000
245.0	0.0000000000
246.0	0.0000000000
247.0	0.0000000000
248.0	0.0000000000
249.0	0.0000000000
250.0	0.0000000000
251.0	0.0000000000
252.0	0.0000000000
253.0	0.0000000000
254.0	0.0000000000
255.0	0.0000000000
256.0	0.0000000000
257.0	0.0000000000
258.0	0.0000000000
259.0	0.0000000000
260.0	0.0000000000
261.0	0.0000000000
262.0	0.0000000000
263.0	0.0000000000
264.0	0.0000000000
265.0	0.0000000000
266.0	0.0000000000
267.0	0.0000000000
268.0	0.0029100000
269.0	0.0088005000
270.0	0.0146910000
271.0	0.0205815000
272.0	0.0264720000
273.0	0.0323625000
274.0	0.0382530000
275.0	0.0441435000
276.0	0.0500340000
277.0	0.0559245000
278.0	0.0618150000
279.0	0.0677055000
280.0	0.0735960000
281.0	0.0794865000
282.0	0.0853770000
283.0	0.0912675000
284.0	0.0971580000
285.0	0.1030485000
286.0	0.1089390000
287.0	0.1148295000
288.0	0.1207200000
289.0	0.1266105000
290.0	0.1325010000
291.0	0.1383915000
292.0	0.1442820000
293.0	0.1501725000
294.0	0.1560630000
295.0	0.1619535000
296.0	0.1678440000
297.0	0.1737345000
298.0	0.1796250000
299.0	0.1855155000
300.0	0.1914060000
301.0	0.1972965000
302.0	0.2031870000
303.0	0.2090775000
304.0	0.2149680000
305.0	0.2208585000
306.0	0.2267490000
307.0	0.2326395000
308.0	0.2385300000
309.0	0.2444205000
310.0	0.2503110000
311.0	0.2567229000
312.0	0.2631348000
313.0	0.2695467000
314.0	0.2759586000
315.0	0.2823705000
316.0	0.2887824000
317.0	0.2951943000
318.0	0.3016062000
319.0	0.3080181000
320.0	0.3144300000
321.0	0.3151568000
322.0	0.3158836000
323.0	0.3166104000
324.0	0.3173372000
325.0	0.3180640000
326.0	0.3187908000
327.0	0.3195176000
328.0	0.3202444000
329.0	0.3209712000
330.0	0.3216980000
331.0	0.3234202000
332.0	0.3251424000
333.0	0.3268646000
334.0	0.3285868000
335.0	0.3303090000
336.0	0.3320312000
337.0	0.3337534000
338.0	0.3354756000
339.0	0.3371978000
340.0	0.3389200000
341.0	0.3402718000
342.0	0.3416236000
343.0	0.3429754000
344.0	0.3443272000
345.0	0.3456790000
346.0	0.3470308000
347.0	0.3483826000
348.0	0.3497344000
349.0	0.3510862000
350.0	0.3524380000
351.0	0.3517403000
352.0	0.3510426000
353.0	0.3503449000
354.0	0.3496472000
355.0	0.3489495000
356.0	0.3482518000
357.0	0.3475541000
358.0	0.3468564000
359.0	0.3461587000
360.0	0.3454610000
361.0	0.3462362000
362.0	0.3470114000
363.0	0.3477866000
364.0	0.3485618000
365.0	0.3493370000
366.0	0.3501122000
367.0	0.3508874000
368.0	0.3516626000
369.0	0.3524378000
370.0	0.3532130000
371.0	0.3569215000
372.0	0.3606300000
373.0	0.3643385000
374.0	0.3680470000
375.0	0.3717555000
376.0	0.3754640000
377.0	0.3791725000
378.0	0.3828810000
379.0	0.3865895000
380.0	0.3902980000
381.0	0.3919576000
382.0	0.3936172000
383.0	0.3952768000
384.0	0.3969364000
385.0	0.3985960000
386.0	0.4002556000
387.0	0.4019152000
388.0	0.4035748000
389.0	0.4052344000
390.0	0.4068940000
391.0	0.4079524000
392.0	0.4090108000
393.0	0.4100692000
394.0	0.4111276000
395.0	0.4121860000
396.0	0.4132444000
397.0	0.4143028000
398.0	0.4153612000
399.0	0.4164196000
400.0	0.4174780000
401.0	0.4185358000
402.0	0.4195936000
403.0	0.4206514000
404.0	0.4217092000
405.0	0.4227670000
406.0	0.4238248000
407.0	0.4248826000
408.0	0.4259404000
409.0	0.4269982000
410.0	0.4280560000
411.0	0.4280645000
412.0	0.4280730000
413.0	0.4280815000
414.0	0.4280900000
415.0	0.4280985000
416.0	0.4281070000
417.0	0.4281155000
418.0	0.4281240000
419.0	0.4281325000
420.0	0.4281410000
421.0	0.4301499000
422.0	0.4321588000
423.0	0.4341677000
424.0	0.4361766000
425.0	0.4381855000
426.0	0.4401944000
427.0	0.4422033000
428.0	0.4442122000
429.0	0.4462211000
430.0	0.4482300000
431.0	0.4488284000
432.0	0.4494268000
433.0	0.4500252000
434.0	0.4506236000
435.0	0.4512220000
436.0	0.4518204000
437.0	0.4524188000
438.0	0.4530172000
439.0	0.4536156000
440.0	0.4542140000
441.0	0.4548296000
442.0	0.4554452000
443.0	0.4560608000
444.0	0.4566764000
445.0	0.4572920000
446.0	0.4579076000
447.0	0.4585232000
448.0	0.4591388000
449.0	0.4597544000
450.0	0.4603700000
451.0	0.4610136000
452.0	0.4616572000
453.0	0.4623008000
454.0	0.4629444000
455.0	0.4635880000
456.0	0.4642316000
457.0	0.4648752000
458.0	0.4655188000
459.0	0.4661624000
460.0	0.4668060000
461.0	0.4672721000
462.0	0.4677382000
463.0	0.4682043000
464.0	0.4686704000
465.0	0.4691365000
466.0	0.4696026000
467.0	0.4700687000
468.0	0.4705348000
469.0	0.4710009000
470.0	0.4714670000
471.0	0.4713180000
472.0	0.4711690000
473.0	0.4710200000
474.0	0.4708710000
475.0	0.4707220000
476.0	0.4705730000
477.0	0.4704240000
478.0	0.4702750000
479.0	0.4701260000
480.0	0.4699770000
481.0	0.4692798000
482.0	0.4685826000
483.0	0.4678854000
484.0	0.4671882000
485.0	0.4664910000
486.0	0.4657938000
487.0	0.4650966000
488.0	0.4643994000
489.0	0.4637022000
490.0	0.4630050000
491.0	0.4620346000
492.0	0.4610642000
493.0	0.4600938000
494.0	0.4591234000
495.0	0.4581530000
496.0	0.4571826000
497.0	0.4562122000
498.0	0.4552418000
499.0	0.4542714000
500.0	0.4533010000
501.0	0.4522441000
502.0	0.4511872000
503.0	0.4501303000
504.0	0.4490734000
505.0	0.4480165000
506.0	0.4469596000
507.0	0.4459027000
508.0	0.4448458000
509.0	0.4437889000
510.0	0.4427320000
511.0	0.4418346000
512.0	0.4409372000
513.0	0.4400398000
514.0	0.4391424000
515.0	0.4382450000
516.0	0.4373476000
517.0	0.4364502000
518.0	0.4355528000
519.0	0.4346554000
520.0	0.4337580000
521.0	0.4324987000
522.0	0.4312394000
523.0	0.4299801000
524.0	0.4287208000
525.0	0.4274615000
526.0	0.4262022000
527.0	0.4249429000
528.0	0.4236836000
529.0	0.4224243000
530.0	0.4211650000
531.0	0.4201162000
532.0	0.4190674000
533.0	0.4180186000
534.0	0.4169698000
535.0	0.4159210000
536.0	0.4148722000
537.0	0.4138234000
538.0	0.4127746000
539.0	0.4117258000
540.0	0.4106770000
541.0	0.4096585000
542.0	0.4086400000
543.0	0.4076215000
544.0	0.4066030000
545.0	0.4055845000
546.0	0.4045660000
547.0	0.4035475000
548.0	0.4025290000
549.0	0.4015105000
550.0	0.4004920000
551.0	0.3991776000
552.0	0.3978632000
553.0	0.3965488000
554.0	0.3952344000
555.0	0.3939200000
556.0	0.3926056000
557.0	0.3912912000
558.0	0.3899768000
559.0	0.3886624000
560.0	0.3873480000
561.0	0.3863286000
562.0	0.3853092000
563.0	0.3842898000
564.0	0.3832704000
565.0	0.3822510000
566.0	0.3812316000
567.0	0.3802122000
568.0	0.3791928000
569.0	0.3781734000
570.0	0.3771540000
571.0	0.3762126000
572.0	0.3752712000
573.0	0.3743298000
574.0	0.3733884000
575.0	0.3724470000
576.0	0.3715056000
577.0	0.3705642000
578.0	0.3696228000
579.0	0.3686814000
580.0	0.3677400000
581.0	0.3666437000
582.0	0.3655474000
583.0	0.3644511000
584.0	0.3633548000
585.0	0.3622585000
586.0	0.3611622000
587.0	0.3600659000
588.0	0.3589696000
589.0	0.3578733000
590.0	0.3567770000
591.0	0.3557531000
592.0	0.3547292000
593.0	0.3537053000
594.0	0.3526814000
595.0	0.3516575000
596.0	0.3506336000
597.0	0.3496097000
598.0	0.3485858000
599.0	0.3475619000
600.0	0.3465380000
601.0	0.3450990000
602.0	0.3436600000
603.0	0.3422210000
604.0	0.3407820000
605.0	0.3393430000
606.0	0.3379040000
607.0	0.3364650000
608.0	0.3350260000
609.0	0.3335870000
610.0	0.3321480000
611.0	0.3309601000
612.0	0.3297722000
613.0	0.3285843000
614.0	0.3273964000
615.0	0.3262085000
616.0	0.3250206000
617.0	0.3238327000
618.0	0.3226448000
619.0	0.3214569000
620.0	0.3202690000
621.0	0.3190133000
622.0	0.3177576000
623.0	0.3165019000
624.0	0.3152462000
625.0	0.3139905000
626.0	0.3127348000
627.0	0.3114791000
628.0	0.3102234000
629.0	0.3089677000
630.0	0.3077120000
631.0	0.3065724000
632.0	0.3054328000
633.0	0.3042932000
634.0	0.3031536000
635.0	0.3020140000
636.0	0.3008744000
637.0	0.2997348000
638.0	0.2985952000
639.0	0.2974556000
640.0	0.2963160000
641.0	0.2947785000
642.0	0.2932410000
643.0	0.2917035000
644.0	0.2901660000
645.0	0.2886285000
646.0	0.2870910000
647.0	0.2855535000
648.0	0.2840160000
649.0	0.2824785000
650.0	0.2809410000
651.0	0.2796133000
652.0	0.2782856000
653.0	0.2769579000
654.0	0.2756302000
655.0	0.2743025000
656.0	0.2729748000
657.0	0.2716471000
658.0	0.2703194000
659.0	0.2689917000
660.0	0.2676640000
661.0	0.2663572000
662.0	0.2650504000
663.0	0.2637436000
664.0	0.2624368000
665.0	0.2611300000
666.0	0.2598232000
667.0	0.2585164000
668.0	0.2572096000
669.0	0.2559028000
670.0	0.2545960000
671.0	0.2533965000
672.0	0.2521970000
673.0	0.2509975000
674.0	0.2497980000
675.0	0.2485985000
676.0	0.2473990000
677.0	0.2461995000
678.0	0.2450000000
679.0	0.2438005000
680.0	0.2426010000
681.0	0.2414387000
682.0	0.2402764000
683.0	0.2391141000
684.0	0.2379518000
685.0	0.2367895000
686.0	0.2356272000
687.0	0.2344649000
688.0	0.2333026000
689.0	0.2321403000
690.0	0.2309780000
691.0	0.2294429000
692.0	0.2279078000
693.0	0.2263727000
694.0	0.2248376000
695.0	0.2233025000
696.0	0.2217674000
697.0	0.2202323000
698.0	0.2186972000
699.0	0.2171621000
700.0	0.2156270000
701.0	0.2144409000
702.0	0.2132548000
703.0	0.2120687000
704.0	0.2108826000
705.0	0.2096965000
706.0	0.2085104000
707.0	0.2073243000
708.0	0.2061382000
709.0	0.2049521000
710.0	0.2037660000
711.0	0.2028070000
712.0	0.2018480000
713.0	0.2008890000
714.0	0.1999300000
715.0	0.1989710000
716.0	0.1980120000
717.0	0.1970530000
718.0	0.1960940000
719.0	0.1951350000
720.0	0.1941760000
721.0	0.1930538000
722.0	0.1919316000
723.0	0.1908094000
724.0	0.1896872000
725.0	0.1885650000
726.0	0.1874428000
727.0	0.1863206000
728.0	0.1851984000
729.0	0.1840762000
730.0	0.1829540000
731.0	0.1817646000
732.0	0.1805752000
733.0	0.1793858000
734.0	0.1781964000
735.0	0.1770070000
736.0	0.1758176000
737.0	0.1746282000
738.0	0.1734388000
739.0	0.1722494000
740.0	0.1710600000
741.0	0.1700785000
742.0	0.1690970000
743.0	0.1681155000
744.0	0.1671340000
745.0	0.1661525000
746.0	0.1651710000
747.0	0.1641895000
748.0	0.1632080000
749.0	0.1622265000
750.0	0.1612450000
751.0	0.1601939000
752.0	0.1591428000
753.0	0.1580917000
754.0	0.1570406000
755.0	0.1559895000
756.0	0.1549384000
757.0	0.1538873000
758.0	0.1528362000
759.0	0.1517851000
760.0	0.1507340000
761.0	0.1498401000
762.0	0.1489462000
763.0	0.1480523000
764.0	0.1471584000
765.0	0.1462645000
766.0	0.1453706000
767.0	0.1444767000
768.0	0.1435828000
769.0	0.1426889000
770.0	0.1417950000
771.0	0.1404089000
772.0	0.1390228000
773.0	0.1376367000
774.0	0.1362506000
775.0	0.1348645000
776.0	0.1334784000
777.0	0.1320923000
778.0	0.1307062000
779.0	0.1293201000
780.0	0.1279340000
781.0	0.1269357000
782.0	0.1259374000
783.0	0.1249391000
784.0	0.1239408000
785.0	0.1229425000
786.0	0.1219442000
787.0	0.1209459000
788.0	0.1199476000
789.0	0.1189493000
790.0	0.1179510000
791.0	0.1169527000
792.0	0.1159544000
793.0	0.1149561000
794.0	0.1139578000
795.0	0.1129595000
796.0	0.1119612000
797.0	0.1109629000
798.0	0.1099646000
799.0	0.1089663000
800.0	0.1079680000
801.0	0.1069697000
802.0	0.1059714000
803.0	0.1049731000
804.0	0.1039748000
805.0	0.1029765000
806.0	0.1019782000
807.0	0.1009799000
808.0	0.0999816000
809.0	0.0989833000
810.0	0.0979850000
811.0	0.0969867000
812.0	0.0959884000
813.0	0.0949901000
814.0	0.0939918000
815.0	0.0929935000
816.0	0.0919952000
817.0	0.0909969000
818.0	0.0899986000
819.0	0.0890003000
820.0	0.0880020000
821.0	0.0870037000
822.0	0.0860054000
823.0	0.0850071000
824.0	0.0840088000
825.0	0.0830105000
826.0	0.0820122000
827.0	0.0810139000
828.0	0.0800156000
829.0	0.0790173000
830.0	0.0780190000
831.0	0.0770207000
832.0	0.0760224000
833.0	0.0750241000
834.0	0.0740258000
835.0	0.0730275000
836.0	0.0720292000
837.0	0.0710309000
838.0	0.0700326000
839.0	0.0690343000
840.0	0.0680360000
841.0	0.0670377000
842.0	0.0660394000
843.0	0.0650411000
844.0	0.0640428000
845.0	0.0630445000
846.0	0.0620462000
847.0	0.0610479000
848.0	0.0600496000
849.0	0.0590513000
850.0	0.0580530000
851.0	0.0570547000
852.0	0.0560564000
853.0	0.0550581000
854.0	0.0540598000
855.0	0.0530615000
856.0	0.0520632000
857.0	0.0510649000
858.0	0.0500666000
859.0	0.0490683000
860.0	0.0480700000
861.0	0.0470717000
862.0	0.0460734000
863.0	0.0450751000
864.0	0.0440768000
865.0	0.0430785000
866.0	0.0420802000
867.0	0.0410819000
868.0	0.0400836000
869.0	0.0390853000
870.0	0.0380870000
871.0	0.0370887000
872.0	0.0360904000
873.0	0.0350921000
874.0	0.0340938000
875.0	0.0330955000
876.0	0.0320972000
877.0	0.0310989000
878.0	0.0301006000
879.0	0.0291023000
880.0	0.0281040000
881.0	0.0271057000
882.0	0.0261074000
883.0	0.0251091000
884.0	0.0241108000
885.0	0.0231125000
886.0	0.0221142000
887.0	0.0211159000
888.0	0.0201176000
889.0	0.0191193000
890.0	0.0181210000
891.0	0.0171227000
892.0	0.0161244000
893.0	0.0151261000
894.0	0.0141278000
895.0	0.0131295000
896.0	0.0121312000
897.0	0.0111329000
898.0	0.0101346000
899.0	0.0091363000
900.0	0.0081380000
901.0	0.0071397000
902.0	0.0061414000
903.0	0.0051431000
904.0	0.0041448000
905.0	0.0031465000
906.0	0.0021482000
907.0	0.0011499000
908.0	0.0001516000
909.0	0.0000000000
910.0	0.0000000000
911.0	0.0000000000
912.0	0.0000000000
913.0	0.0000000000
914.0	0.0000000000
915.0	0.0000000000
916.0	0.0000000000
917.0	0.0000000000
918.0	0.0000000000
919.0	0.0000000000
920.0	0.0000000000
921.0	0.0000000000
922.0	0.0000000000
923.0	0.0000000000
924.0	0.0000000000
925.0	0.0000000000
926.0	0.0000000000
927.0	0.0000000000
928.0	0.0000000000
929.0	0.0000000000
930.0	0.0000000000
931.0	0.0000000000
932.0	0.0000000000
933.0	0.0000000000
934.0	0.0000000000
935.0	0.0000000000
936.0	0.0000000000
937.0	0.0000000000
938.0	0.0000000000
939.0	0.0000000000
940.0	0.0000000000
941.0	0.0000000000
942.0	0.0000000000
943.0	0.0000000000
944.0	0.0000000000
945.0	0.0000000000
946.0	0.0000000000
947.0	0.0000000000
948.0	0.0000000000
949.0	0.0000000000
950.0	0.0000000000
951.0	0.0000000000
952.0	0.0000000000
953.0	0.0000000000
954.0	0.0000000000
955.0	0.0000000000
956.0	0.0000000000
957.0	0.0000000000
958.0	0.0000000000
959.0	0.0000000000
960.0	0.0000000000
961.0	0.0000000000
962.0	0.0000000000
963.0	0.0000000000
964.0	0.0000000000
965.0	0.0000000000
966.0	0.0000000000
967.0	0.0000000000
968.0	0.0000000000
969.0	0.0000000000
970.0	0.0000000000
971.0	0.0000000000
972.0	0.0000000000
973.0	0.0000000000
974.0	0.0000000000
975.0	0.0000000000
976.0	0.0000000000
977.0	0.0000000000
978.0	0.0000000000
979.0	0.0000000000
980.0	0.0000000000
981.0	0.0000000000
982.0	0.0000000000
983.0	0.0000000000
984.0	0.0000000000
985.0	0.0000000000
986.0	0.0000000000
987.0	0.0000000000
988.0	0.0000000000
989.0	0.0000000000
990.0	0.0000000000
991.0	0.0000000000
992.0	0.0000000000
993.0	0.0000000000
994.0	0.0000000000
995.0	0.0000000000
996.0	0.0000000000
997.0	0.0000000000
998.0	0.0000000000
999.0	0.0000000000
