# Photo detection efficiency of LCT5 SiPM from Hamamatsu
# Based on measurements by A. Nagai (University of Geneva)
200.0	0.0000000000
201.0	0.0000000000
202.0	0.0000000000
203.0	0.0000000000
204.0	0.0000000000
205.0	0.0000000000
206.0	0.0000000000
207.0	0.0000000000
208.0	0.0000000000
209.0	0.0000000000
210.0	0.0000000000
211.0	0.0000000000
212.0	0.0000000000
213.0	0.0000000000
214.0	0.0000000000
215.0	0.0000000000
216.0	0.0000000000
217.0	0.0000000000
218.0	0.0000000000
219.0	0.0000000000
220.0	0.0000000000
221.0	0.0000000000
222.0	0.0000000000
223.0	0.0000000000
224.0	0.0000000000
225.0	0.0000000000
226.0	0.0000000000
227.0	0.0000000000
228.0	0.0000000000
229.0	0.0000000000
230.0	0.0000000000
231.0	0.0000000000
232.0	0.0000000000
233.0	0.0000000000
234.0	0.0000000000
235.0	0.0000000000
236.0	0.0000000000
237.0	0.0000000000
238.0	0.0000000000
239.0	0.0000000000
240.0	0.0000000000
241.0	0.0000000000
242.0	0.0000000000
243.0	0.0000000000
244.0	0.0000000000
245.0	0.0000000000
246.0	0.0000000000
247.0	0.0000000000
248.0	0.0000000000
249.0	0.0000000000
250.0	0.0000000000
251.0	0.0000000000
252.0	0.0000000000
253.0	0.0000000000
254.0	0.0000000000
255.0	0.0000000000
256.0	0.0000000000
257.0	0.0000000000
258.0	0.0000000000
259.0	0.0000000000
260.0	0.0000000000
261.0	0.0000000000
262.0	0.0000000000
263.0	0.0000000000
264.0	0.0000000000
265.0	0.0000000000
266.0	0.0000000000
267.0	0.0000000000
268.0	0.0000000000
269.0	0.0000000000
270.0	0.0000000000
271.0	0.0000000000
272.0	0.0000000000
273.0	0.0000000000
274.0	0.0063739900
275.0	0.0144783750
276.0	0.0225827600
277.0	0.0306871450
278.0	0.0387915300
279.0	0.0468959150
280.0	0.0550003000
281.0	0.0631046850
282.0	0.0712090700
283.0	0.0793134550
284.0	0.0874178400
285.0	0.0955222250
286.0	0.1036266100
287.0	0.1117309950
288.0	0.1198353800
289.0	0.1279397650
290.0	0.1360441500
291.0	0.1441485350
292.0	0.1522529200
293.0	0.1603573050
294.0	0.1684616900
295.0	0.1765660750
296.0	0.1846704600
297.0	0.1927748450
298.0	0.2008792300
299.0	0.2089836150
300.0	0.2170880000
301.0	0.2287543000
302.0	0.2404206000
303.0	0.2520869000
304.0	0.2637532000
305.0	0.2754195000
306.0	0.2870858000
307.0	0.2987521000
308.0	0.3104184000
309.0	0.3220847000
310.0	0.3337510000
311.0	0.3360604000
312.0	0.3383698000
313.0	0.3406792000
314.0	0.3429886000
315.0	0.3452980000
316.0	0.3476074000
317.0	0.3499168000
318.0	0.3522262000
319.0	0.3545356000
320.0	0.3568450000
321.0	0.3573414000
322.0	0.3578378000
323.0	0.3583342000
324.0	0.3588306000
325.0	0.3593270000
326.0	0.3598234000
327.0	0.3603198000
328.0	0.3608162000
329.0	0.3613126000
330.0	0.3618090000
331.0	0.3640936000
332.0	0.3663782000
333.0	0.3686628000
334.0	0.3709474000
335.0	0.3732320000
336.0	0.3755166000
337.0	0.3778012000
338.0	0.3800858000
339.0	0.3823704000
340.0	0.3846550000
341.0	0.3858992000
342.0	0.3871434000
343.0	0.3883876000
344.0	0.3896318000
345.0	0.3908760000
346.0	0.3921202000
347.0	0.3933644000
348.0	0.3946086000
349.0	0.3958528000
350.0	0.3970970000
351.0	0.3967960000
352.0	0.3964950000
353.0	0.3961940000
354.0	0.3958930000
355.0	0.3955920000
356.0	0.3952910000
357.0	0.3949900000
358.0	0.3946890000
359.0	0.3943880000
360.0	0.3940870000
361.0	0.3936669000
362.0	0.3932468000
363.0	0.3928267000
364.0	0.3924066000
365.0	0.3919865000
366.0	0.3915664000
367.0	0.3911463000
368.0	0.3907262000
369.0	0.3903061000
370.0	0.3898860000
371.0	0.3938294000
372.0	0.3977728000
373.0	0.4017162000
374.0	0.4056596000
375.0	0.4096030000
376.0	0.4135464000
377.0	0.4174898000
378.0	0.4214332000
379.0	0.4253766000
380.0	0.4293200000
381.0	0.4302763000
382.0	0.4312326000
383.0	0.4321889000
384.0	0.4331452000
385.0	0.4341015000
386.0	0.4350578000
387.0	0.4360141000
388.0	0.4369704000
389.0	0.4379267000
390.0	0.4388830000
391.0	0.4416405000
392.0	0.4443980000
393.0	0.4471555000
394.0	0.4499130000
395.0	0.4526705000
396.0	0.4554280000
397.0	0.4581855000
398.0	0.4609430000
399.0	0.4637005000
400.0	0.4664580000
401.0	0.4689332000
402.0	0.4714084000
403.0	0.4738836000
404.0	0.4763588000
405.0	0.4788340000
406.0	0.4813092000
407.0	0.4837844000
408.0	0.4862596000
409.0	0.4887348000
410.0	0.4912100000
411.0	0.4918869000
412.0	0.4925638000
413.0	0.4932407000
414.0	0.4939176000
415.0	0.4945945000
416.0	0.4952714000
417.0	0.4959483000
418.0	0.4966252000
419.0	0.4973021000
420.0	0.4979790000
421.0	0.4983989000
422.0	0.4988188000
423.0	0.4992387000
424.0	0.4996586000
425.0	0.5000785000
426.0	0.5004984000
427.0	0.5009183000
428.0	0.5013382000
429.0	0.5017581000
430.0	0.5021780000
431.0	0.5030776000
432.0	0.5039772000
433.0	0.5048768000
434.0	0.5057764000
435.0	0.5066760000
436.0	0.5075756000
437.0	0.5084752000
438.0	0.5093748000
439.0	0.5102744000
440.0	0.5111740000
441.0	0.5119998000
442.0	0.5128256000
443.0	0.5136514000
444.0	0.5144772000
445.0	0.5153030000
446.0	0.5161288000
447.0	0.5169546000
448.0	0.5177804000
449.0	0.5186062000
450.0	0.5194320000
451.0	0.5198967000
452.0	0.5203614000
453.0	0.5208261000
454.0	0.5212908000
455.0	0.5217555000
456.0	0.5222202000
457.0	0.5226849000
458.0	0.5231496000
459.0	0.5236143000
460.0	0.5240790000
461.0	0.5250850000
462.0	0.5260910000
463.0	0.5270970000
464.0	0.5281030000
465.0	0.5291090000
466.0	0.5301150000
467.0	0.5311210000
468.0	0.5321270000
469.0	0.5331330000
470.0	0.5341390000
471.0	0.5340379000
472.0	0.5339368000
473.0	0.5338357000
474.0	0.5337346000
475.0	0.5336335000
476.0	0.5335324000
477.0	0.5334313000
478.0	0.5333302000
479.0	0.5332291000
480.0	0.5331280000
481.0	0.5324164000
482.0	0.5317048000
483.0	0.5309932000
484.0	0.5302816000
485.0	0.5295700000
486.0	0.5288584000
487.0	0.5281468000
488.0	0.5274352000
489.0	0.5267236000
490.0	0.5260120000
491.0	0.5247983000
492.0	0.5235846000
493.0	0.5223709000
494.0	0.5211572000
495.0	0.5199435000
496.0	0.5187298000
497.0	0.5175161000
498.0	0.5163024000
499.0	0.5150887000
500.0	0.5138750000
501.0	0.5131850000
502.0	0.5124950000
503.0	0.5118050000
504.0	0.5111150000
505.0	0.5104250000
506.0	0.5097350000
507.0	0.5090450000
508.0	0.5083550000
509.0	0.5076650000
510.0	0.5069750000
511.0	0.5059101000
512.0	0.5048452000
513.0	0.5037803000
514.0	0.5027154000
515.0	0.5016505000
516.0	0.5005856000
517.0	0.4995207000
518.0	0.4984558000
519.0	0.4973909000
520.0	0.4963260000
521.0	0.4954962000
522.0	0.4946664000
523.0	0.4938366000
524.0	0.4930068000
525.0	0.4921770000
526.0	0.4913472000
527.0	0.4905174000
528.0	0.4896876000
529.0	0.4888578000
530.0	0.4880280000
531.0	0.4866350000
532.0	0.4852420000
533.0	0.4838490000
534.0	0.4824560000
535.0	0.4810630000
536.0	0.4796700000
537.0	0.4782770000
538.0	0.4768840000
539.0	0.4754910000
540.0	0.4740980000
541.0	0.4731950000
542.0	0.4722920000
543.0	0.4713890000
544.0	0.4704860000
545.0	0.4695830000
546.0	0.4686800000
547.0	0.4677770000
548.0	0.4668740000
549.0	0.4659710000
550.0	0.4650680000
551.0	0.4636347000
552.0	0.4622014000
553.0	0.4607681000
554.0	0.4593348000
555.0	0.4579015000
556.0	0.4564682000
557.0	0.4550349000
558.0	0.4536016000
559.0	0.4521683000
560.0	0.4507350000
561.0	0.4500298000
562.0	0.4493246000
563.0	0.4486194000
564.0	0.4479142000
565.0	0.4472090000
566.0	0.4465038000
567.0	0.4457986000
568.0	0.4450934000
569.0	0.4443882000
570.0	0.4436830000
571.0	0.4424336000
572.0	0.4411842000
573.0	0.4399348000
574.0	0.4386854000
575.0	0.4374360000
576.0	0.4361866000
577.0	0.4349372000
578.0	0.4336878000
579.0	0.4324384000
580.0	0.4311890000
581.0	0.4302567000
582.0	0.4293244000
583.0	0.4283921000
584.0	0.4274598000
585.0	0.4265275000
586.0	0.4255952000
587.0	0.4246629000
588.0	0.4237306000
589.0	0.4227983000
590.0	0.4218660000
591.0	0.4206941000
592.0	0.4195222000
593.0	0.4183503000
594.0	0.4171784000
595.0	0.4160065000
596.0	0.4148346000
597.0	0.4136627000
598.0	0.4124908000
599.0	0.4113189000
600.0	0.4101470000
601.0	0.4087484000
602.0	0.4073498000
603.0	0.4059512000
604.0	0.4045526000
605.0	0.4031540000
606.0	0.4017554000
607.0	0.4003568000
608.0	0.3989582000
609.0	0.3975596000
610.0	0.3961610000
611.0	0.3947572000
612.0	0.3933534000
613.0	0.3919496000
614.0	0.3905458000
615.0	0.3891420000
616.0	0.3877382000
617.0	0.3863344000
618.0	0.3849306000
619.0	0.3835268000
620.0	0.3821230000
621.0	0.3807210000
622.0	0.3793190000
623.0	0.3779170000
624.0	0.3765150000
625.0	0.3751130000
626.0	0.3737110000
627.0	0.3723090000
628.0	0.3709070000
629.0	0.3695050000
630.0	0.3681030000
631.0	0.3665822000
632.0	0.3650614000
633.0	0.3635406000
634.0	0.3620198000
635.0	0.3604990000
636.0	0.3589782000
637.0	0.3574574000
638.0	0.3559366000
639.0	0.3544158000
640.0	0.3528950000
641.0	0.3515684000
642.0	0.3502418000
643.0	0.3489152000
644.0	0.3475886000
645.0	0.3462620000
646.0	0.3449354000
647.0	0.3436088000
648.0	0.3422822000
649.0	0.3409556000
650.0	0.3396290000
651.0	0.3382372000
652.0	0.3368454000
653.0	0.3354536000
654.0	0.3340618000
655.0	0.3326700000
656.0	0.3312782000
657.0	0.3298864000
658.0	0.3284946000
659.0	0.3271028000
660.0	0.3257110000
661.0	0.3240101000
662.0	0.3223092000
663.0	0.3206083000
664.0	0.3189074000
665.0	0.3172065000
666.0	0.3155056000
667.0	0.3138047000
668.0	0.3121038000
669.0	0.3104029000
670.0	0.3087020000
671.0	0.3074334000
672.0	0.3061648000
673.0	0.3048962000
674.0	0.3036276000
675.0	0.3023590000
676.0	0.3010904000
677.0	0.2998218000
678.0	0.2985532000
679.0	0.2972846000
680.0	0.2960160000
681.0	0.2945020000
682.0	0.2929880000
683.0	0.2914740000
684.0	0.2899600000
685.0	0.2884460000
686.0	0.2869320000
687.0	0.2854180000
688.0	0.2839040000
689.0	0.2823900000
690.0	0.2808760000
691.0	0.2792355000
692.0	0.2775950000
693.0	0.2759545000
694.0	0.2743140000
695.0	0.2726735000
696.0	0.2710330000
697.0	0.2693925000
698.0	0.2677520000
699.0	0.2661115000
700.0	0.2644710000
701.0	0.2631269000
702.0	0.2617828000
703.0	0.2604387000
704.0	0.2590946000
705.0	0.2577505000
706.0	0.2564064000
707.0	0.2550623000
708.0	0.2537182000
709.0	0.2523741000
710.0	0.2510300000
711.0	0.2497776000
712.0	0.2485252000
713.0	0.2472728000
714.0	0.2460204000
715.0	0.2447680000
716.0	0.2435156000
717.0	0.2422632000
718.0	0.2410108000
719.0	0.2397584000
720.0	0.2385060000
721.0	0.2373302000
722.0	0.2361544000
723.0	0.2349786000
724.0	0.2338028000
725.0	0.2326270000
726.0	0.2314512000
727.0	0.2302754000
728.0	0.2290996000
729.0	0.2279238000
730.0	0.2267480000
731.0	0.2254740000
732.0	0.2242000000
733.0	0.2229260000
734.0	0.2216520000
735.0	0.2203780000
736.0	0.2191040000
737.0	0.2178300000
738.0	0.2165560000
739.0	0.2152820000
740.0	0.2140080000
741.0	0.2126731000
742.0	0.2113382000
743.0	0.2100033000
744.0	0.2086684000
745.0	0.2073335000
746.0	0.2059986000
747.0	0.2046637000
748.0	0.2033288000
749.0	0.2019939000
750.0	0.2006590000
751.0	0.1993904000
752.0	0.1981218000
753.0	0.1968532000
754.0	0.1955846000
755.0	0.1943160000
756.0	0.1930474000
757.0	0.1917788000
758.0	0.1905102000
759.0	0.1892416000
760.0	0.1879730000
761.0	0.1868811000
762.0	0.1857892000
763.0	0.1846973000
764.0	0.1836054000
765.0	0.1825135000
766.0	0.1814216000
767.0	0.1803297000
768.0	0.1792378000
769.0	0.1781459000
770.0	0.1770540000
771.0	0.1758565000
772.0	0.1746590000
773.0	0.1734615000
774.0	0.1722640000
775.0	0.1710665000
776.0	0.1698690000
777.0	0.1686715000
778.0	0.1674740000
779.0	0.1662765000
780.0	0.1650790000
781.0	0.1638493000
782.0	0.1626196000
783.0	0.1613899000
784.0	0.1601602000
785.0	0.1589305000
786.0	0.1577008000
787.0	0.1564711000
788.0	0.1552414000
789.0	0.1540117000
790.0	0.1527820000
791.0	0.1516439000
792.0	0.1505058000
793.0	0.1493677000
794.0	0.1482296000
795.0	0.1470915000
796.0	0.1459534000
797.0	0.1448153000
798.0	0.1436772000
799.0	0.1425391000
800.0	0.1414010000
801.0	0.1403476000
802.0	0.1392942000
803.0	0.1382408000
804.0	0.1371874000
805.0	0.1361340000
806.0	0.1350806000
807.0	0.1340272000
808.0	0.1329738000
809.0	0.1319204000
810.0	0.1308670000
811.0	0.1298922000
812.0	0.1289174000
813.0	0.1279426000
814.0	0.1269678000
815.0	0.1259930000
816.0	0.1250182000
817.0	0.1240434000
818.0	0.1230686000
819.0	0.1220938000
820.0	0.1211190000
821.0	0.1202168000
822.0	0.1193146000
823.0	0.1184124000
824.0	0.1175102000
825.0	0.1166080000
826.0	0.1157058000
827.0	0.1148036000
828.0	0.1139014000
829.0	0.1129992000
830.0	0.1120970000
831.0	0.1112619000
832.0	0.1104268000
833.0	0.1095917000
834.0	0.1087566000
835.0	0.1079215000
836.0	0.1070864000
837.0	0.1062513000
838.0	0.1054162000
839.0	0.1045811000
840.0	0.1037460000
841.0	0.1029732100
842.0	0.1022004200
843.0	0.1014276300
844.0	0.1006548400
845.0	0.0998820500
846.0	0.0991092600
847.0	0.0983364700
848.0	0.0975636800
849.0	0.0967908900
850.0	0.0960181000
851.0	0.0953028400
852.0	0.0945875800
853.0	0.0938723200
854.0	0.0931570600
855.0	0.0924418000
856.0	0.0917265400
857.0	0.0910112800
858.0	0.0902960200
859.0	0.0895807600
860.0	0.0888655000
861.0	0.0882035300
862.0	0.0875415600
863.0	0.0868795900
864.0	0.0862176200
865.0	0.0855556500
866.0	0.0848936800
867.0	0.0842317100
868.0	0.0835697400
869.0	0.0829077700
870.0	0.0822458000
871.0	0.0816331400
872.0	0.0810204800
873.0	0.0804078200
874.0	0.0797951600
875.0	0.0791825000
876.0	0.0785698400
877.0	0.0779571800
878.0	0.0773445200
879.0	0.0767318600
880.0	0.0761192000
881.0	0.0755521700
882.0	0.0749851400
883.0	0.0744181100
884.0	0.0738510800
885.0	0.0732840500
886.0	0.0727170200
887.0	0.0721499900
888.0	0.0715829600
889.0	0.0710159300
890.0	0.0704489000
891.0	0.0699241200
892.0	0.0693993400
893.0	0.0688745600
894.0	0.0683497800
895.0	0.0678250000
896.0	0.0673002200
897.0	0.0667754400
898.0	0.0662506600
899.0	0.0657258800
900.0	0.0652011000
901.0	0.0647154000
902.0	0.0642297000
903.0	0.0637440000
904.0	0.0632583000
905.0	0.0627726000
906.0	0.0622869000
907.0	0.0618012000
908.0	0.0613155000
909.0	0.0608298000
910.0	0.0603441000
911.0	0.0598945900
912.0	0.0594450800
913.0	0.0589955700
914.0	0.0585460600
915.0	0.0580965500
916.0	0.0576470400
917.0	0.0571975300
918.0	0.0567480200
919.0	0.0562985100
920.0	0.0558490000
921.0	0.0554329700
922.0	0.0550169400
923.0	0.0546009100
924.0	0.0541848800
925.0	0.0537688500
926.0	0.0533528200
927.0	0.0529367900
928.0	0.0525207600
929.0	0.0521047300
930.0	0.0516887000
931.0	0.0513036700
932.0	0.0509186400
933.0	0.0505336100
934.0	0.0501485800
935.0	0.0497635500
936.0	0.0493785200
937.0	0.0489934900
938.0	0.0486084600
939.0	0.0482234300
940.0	0.0478384000
941.0	0.0474820400
942.0	0.0471256800
943.0	0.0467693200
944.0	0.0464129600
945.0	0.0460566000
946.0	0.0457002400
947.0	0.0453438800
948.0	0.0449875200
949.0	0.0446311600
950.0	0.0442748000
951.0	0.0439449900
952.0	0.0436151800
953.0	0.0432853700
954.0	0.0429555600
955.0	0.0426257500
956.0	0.0422959400
957.0	0.0419661300
958.0	0.0416363200
959.0	0.0413065100
960.0	0.0409767000
961.0	0.0406714600
962.0	0.0403662200
963.0	0.0400609800
964.0	0.0397557400
965.0	0.0394505000
966.0	0.0391452600
967.0	0.0388400200
968.0	0.0385347800
969.0	0.0382295400
970.0	0.0379243000
971.0	0.0376417900
972.0	0.0373592800
973.0	0.0370767700
974.0	0.0367942600
975.0	0.0365117500
976.0	0.0362292400
977.0	0.0359467300
978.0	0.0356642200
979.0	0.0353817100
980.0	0.0350992000
981.0	0.0348377400
982.0	0.0345762800
983.0	0.0343148200
984.0	0.0340533600
985.0	0.0337919000
986.0	0.0335304400
987.0	0.0332689800
988.0	0.0330075200
989.0	0.0327460600
990.0	0.0324846000
991.0	0.0322426200
992.0	0.0320006400
993.0	0.0317586600
994.0	0.0315166800
995.0	0.0312747000
996.0	0.0310327200
997.0	0.0307907400
998.0	0.0305487600
999.0	0.0303067800