# Common Single Photo Electron spectrum for SST from LCT2 sensor
# Configuration : test, with XT = 05
# 1 p.e. position = 0.95
0.000000000000000000 0.000000378574988372 0.000000378574988372 
0.010590590615357304 0.000000534868358704 0.000000534868358704 
0.021181181230714607 0.000000752764725532 0.000000752764725532 
0.031771771846071911 0.000001055331682205 0.000001055331682205 
0.042362362461429215 0.000001473791530071 0.000001473791530071 
0.052952953076786519 0.000002050220160610 0.000002050220160610 
0.063543543692143822 0.000002841072437247 0.000002841072437247 
0.074134134307501126 0.000003921764197139 0.000003921764197139 
0.084724724922858430 0.000005392597568186 0.000005392597568186 
0.095315315538215734 0.000007386384465702 0.000007386384465702 
0.105905906153573037 0.000010078204589936 0.000010078204589936 
0.116496496768930341 0.000013697830729638 0.000013697830729638 
0.127087087384287645 0.000018545467405162 0.000018545467405162 
0.137677677999644948 0.000025011580457156 0.000025011580457156 
0.148268268615002252 0.000033601746464145 0.000033601746464145 
0.158858859230359556 0.000044967622819461 0.000044967622819461 
0.169449449845716860 0.000059945332295277 0.000059945332295277 
0.180040040461074163 0.000079602769537486 0.000079602769537486 
0.190630631076431467 0.000105297569664024 0.000105297569664024 
0.201221221691788771 0.000138747728104801 0.000138747728104801 
0.211811812307146075 0.000182117121453088 0.000182117121453088 
0.222402402922503378 0.000238118444788983 0.000238118444788983 
0.232992993537860682 0.000310136342694525 0.000310136342694525 
0.243583584153217986 0.000402373757299802 0.000402373757299802 
0.254174174768575289 0.000520024732459297 0.000520024732459297 
0.264764765383932565 0.000669477080595349 0.000669477080595349 
0.275355355999289897 0.000858548416526550 0.000858548416526550 
0.285945946614647228 0.001096759066027155 0.001096759066027155 
0.296536537230004504 0.001395645238070511 0.001395645238070511 
0.307127127845361780 0.001769115578067259 0.001769115578067259 
0.317717718460719112 0.002233853762208415 0.002233853762208415 
0.328308309076076443 0.002809769116455357 0.002809769116455357 
0.338898899691433719 0.003520496314188981 0.003520496314188981 
0.349489490306790995 0.004393943992325893 0.004393943992325893 
0.360080080922148327 0.005462890599021189 0.005462890599021189 
0.370670671537505658 0.006765623925353533 0.006765623925353533 
0.381261262152862934 0.008346618565985014 0.008346618565985014 
0.391851852768220210 0.010257242998834888 0.010257242998834888 
0.402442443383577542 0.012556485085182225 0.012556485085182225 
0.413033033998934873 0.015311681600904948 0.015311681600904948 
0.423623624614292149 0.018599233968819462 0.018599233968819462 
0.434214215229649425 0.022505288746177160 0.022505288746177160 
0.444804805845006757 0.027126357729735061 0.027126357729735061 
0.455395396460364088 0.032569848898316538 0.032569848898316538 
0.465985987075721364 0.038954475969496360 0.038954475969496360 
0.476576577691078640 0.046410511276717713 0.046410511276717713 
0.487167168306435971 0.055079844170050032 0.055079844170050032 
0.497757758921793303 0.065115805417977124 0.065115805417977124 
0.508348349537150579 0.076682717358284413 0.076682717358284413 
0.518938940152507855 0.089955130033369718 0.089955130033369718 
0.529529530767865131 0.105116705460023330 0.105116705460023330 
0.540120121383222518 0.122358715716163038 0.122358715716163038 
0.550710711998579794 0.141878125834203894 0.141878125834203894 
0.561301302613937070 0.163875239683372032 0.163875239683372032 
0.571891893229294457 0.188550896152412550 0.188550896152412550 
0.582482483844651733 0.216103213988892540 0.216103213988892540 
0.593073074460009009 0.246723896507694967 0.246723896507694967 
0.603663665075366285 0.280594121853745049 0.280594121853745049 
0.614254255690723561 0.317880060299841005 0.317880060299841005 
0.624844846306080948 0.358728076788369765 0.358728076788369765 
0.635435436921438224 0.403259694099029620 0.403259694099029620 
0.646026027536795500 0.451566409069742436 0.451566409069742436 
0.656616618152152887 0.503704470567750140 0.503704470567750140 
0.667207208767510163 0.559689742701649395 0.559689742701649395 
0.677797799382867439 0.619492789352594109 0.619492789352594109 
0.688388389998224715 0.683034325753526850 0.683034325753526850 
0.698978980613581991 0.750181188861107962 0.750181188861107962 
0.709569571228939378 0.820742980015266022 0.820742980015266022 
0.720160161844296653 0.894469530338662722 0.894469530338662722 
0.730750752459653929 0.971049331103386648 0.971049331103386648 
0.741341343075011316 1.050109057665002288 1.050109057665002288 
0.751931933690368592 1.131214296511342754 1.131214296511342754 
0.762522524305725868 1.213871560687887152 1.213871560687887152 
0.773113114921083144 1.297531649763545625 1.297531649763545625 
0.783703705536440420 1.381594377239422800 1.381594377239422800 
0.794294296151797807 1.465414651747078079 1.465414651747078079 
0.804884886767155083 1.548309859598942628 1.548309859598942628 
0.815475477382512359 1.629568456475397609 1.629568456475397609 
0.826066067997869746 1.708459636618229194 1.708459636618229194 
0.836656658613227022 1.784243910279952328 1.784243910279952328 
0.847247249228584298 1.856184385799073411 1.856184385799073411 
0.857837839843941574 1.923558522932603543 1.923558522932603543 
0.868428430459298850 1.985670100268811966 1.985670100268811966 
0.879019021074656237 2.041861122783617422 2.041861122783617422 
0.889609611690013513 2.091523386783669558 2.091523386783669558 
0.900200202305370789 2.134109419212898207 2.134109419212898207 
0.910790792920728176 2.169142516888775685 2.169142516888775685 
0.921381383536085452 2.196225628645262162 2.196225628645262162 
0.931971974151442728 2.215048849211245674 2.215048849211245674 
0.942562564766800004 2.225395327228569364 2.225395327228569364 
0.953153155382157280 2.227145430079595201 2.227145430079595201 
0.963743745997514667 2.220279053841634820 2.220279053841634820 
0.974334336612871943 2.204876016180586262 2.204876016180586262 
0.984924927228229219 2.181114521643053639 2.181114521643053639 
0.995515517843586606 2.149267740818604278 2.149267740818604278 
1.006106108458943771 2.109698595419535305 2.109698595419535305 
1.016696699074301158 2.062852888723216260 2.062852888723216260 
1.027287289689658545 2.009250963434498161 2.009250963434498161 
1.037877880305015710 1.949478105445604292 1.949478105445604292 
1.048468470920373097 1.884173941048642220 1.884173941048642220 
1.059059061535730262 1.814021096042309766 1.814021096042309766 
1.069649652151087649 1.739733397351157285 1.739733397351157285 
1.080240242766445036 1.662043901068827489 1.662043901068827489 
1.090830833381802201 1.581693025413590359 1.581693025413590359 
1.101421423997159588 1.499417053437340552 1.499417053437340552 
1.112012014612516975 1.415937249242215534 1.415937249242215534 
1.122602605227874140 1.331949803964546097 1.331949803964546097 
1.133193195843231527 1.248116795111997579 1.248116795111997579 
1.143783786458588914 1.165058306349120443 1.165058306349120443 
1.154374377073946079 1.083345815954472657 1.083345815954472657 
1.164964967689303466 1.003496922363740218 1.003496922363740218 
1.175555558304660630 0.925971435861855041 0.925971435861855041 
1.186146148920018017 0.851168827882504697 0.851168827882504697 
1.196736739535375404 0.779426994654835559 0.779426994654835559 
1.207327330150732569 0.711022261056346583 0.711022261056346583 
1.217917920766089956 0.646170524228153687 0.646170524228153687 
1.228508511381447121 0.585029415297405819 0.585029415297405819 
1.239099101996804508 0.527701341715838601 0.527701341715838601 
1.249689692612161895 0.474237262325871267 0.474237262325871267 
1.260280283227519060 0.424641042162921423 0.424641042162921423 
1.270870873842876447 0.378874233870930277 0.378874233870930277 
1.281461464458233834 0.336861136971780439 0.336861136971780439 
1.292052055073590999 0.298493994495516946 0.298493994495516946 
1.302642645688948386 0.263638197972193622 0.263638197972193622 
1.313233236304305773 0.232137385786370332 0.232137385786370332 
1.323823826919662938 0.203818335667871109 0.203818335667871109 
1.334414417535020325 0.178495568921568704 0.178495568921568704 
1.345005008150377490 0.155975601213299592 0.155975601213299592 
1.355595598765734877 0.136060791723230518 0.136060791723230518 
1.366186189381092264 0.118552758728878160 0.118552758728878160 
1.376776779996449429 0.103255344756773407 0.103255344756773407 
1.387367370611806816 0.089977128011701851 0.089977128011701851 
1.397957961227163981 0.078533488620772252 0.078533488620772252 
1.408548551842521368 0.068748248175775711 0.068748248175775711 
1.419139142457878755 0.060454909067686628 0.060454909067686628 
1.429729733073235920 0.053497526204547827 0.053497526204547827 
1.440320323688593307 0.047731247975979066 0.047731247975979066 
1.450910914303950694 0.043022565913344177 0.043022565913344177 
1.461501504919307859 0.039249313571879323 0.039249313571879323 
1.472092095534665246 0.036300454933072240 0.036300454933072240 
1.482682686150022633 0.034075701309129985 0.034075701309129985 
1.493273276765379798 0.032484993546350920 0.032484993546350920 
1.503863867380737185 0.031447883484456256 0.031447883484456256 
1.514454457996094350 0.030892845334962872 0.030892845334962872 
1.525045048611451737 0.030756544075230475 0.030756544075230475 
1.535635639226809124 0.030983084275097803 0.030983084275097803 
1.546226229842166289 0.031523259114545267 0.031523259114545267 
1.556816820457523676 0.032333815822711470 0.032333815822711470 
1.567407411072880841 0.033376750455038830 0.033376750455038830 
1.577998001688238228 0.034618641887044138 0.034618641887044138 
1.588588592303595615 0.036030032179578987 0.036030032179578987 
1.599179182918952780 0.037584858082147697 0.037584858082147697 
1.609769773534310167 0.039259936392778430 0.039259936392778430 
1.620360364149667554 0.041034504177195903 0.041034504177195903 
1.630950954765024719 0.042889813448858206 0.042889813448858206 
1.641541545380382106 0.044808778799910652 0.044808778799910652 
1.652132135995739493 0.046775675621752257 0.046775675621752257 
1.662722726611096657 0.048775885930693832 0.048775885930693832 
1.673313317226454044 0.050795688386397295 0.050795688386397295 
1.683903907841811209 0.052822088826466426 0.052822088826466426 
1.694494498457168596 0.054842687509581503 0.054842687509581503 
1.705085089072525983 0.056845579234409388 0.056845579234409388 
1.715675679687883148 0.058819282557758555 0.058819282557758555 
1.726266270303240535 0.060752694451982565 0.060752694451982565 
1.736856860918597700 0.062635066900761135 0.062635066900761135 
1.747447451533955087 0.064456002119656353 0.064456002119656353 
1.758038042149312474 0.066205463291839517 0.066205463291839517 
1.768628632764669639 0.067873797921440798 0.067873797921440798 
1.779219223380027026 0.069451771120774816 0.069451771120774816 
1.789809813995384413 0.070930606358942910 0.070930606358942910 
1.800400404610741578 0.072302031405325595 0.072302031405325595 
1.810990995226098965 0.073558327400845502 0.073558327400845502 
1.821581585841456352 0.074692379182134158 0.074692379182134158 
1.832172176456813517 0.075697725169060454 0.075697725169060454 
1.842762767072170904 0.076568605305054924 0.076568605305054924 
1.853353357687528069 0.077300005713074368 0.077300005713074368 
1.863943948302885456 0.077887698898707197 0.077887698898707197 
1.874534538918242843 0.078328278496532761 0.078328278496532761 
1.885125129533600008 0.078619187716958014 0.078619187716958014 
1.895715720148957395 0.078758740808648822 0.078758740808648822 
1.906306310764314560 0.078746137006388342 0.078746137006388342 
1.916896901379671947 0.078581466585478932 0.078581466585478932 
1.927487491995029334 0.078265708791165275 0.078265708791165275 
1.938078082610386499 0.077800721554259294 0.077800721554259294 
1.948668673225743886 0.077189223041281993 0.077189223041281993 
1.959259263841101273 0.076434765217941139 0.076434765217941139 
1.969849854456458438 0.075541699727494346 0.075541699727494346 
1.980440445071815825 0.074515136499317389 0.074515136499317389 
1.991031035687173212 0.073360895606643869 0.073360895606643869 
2.001621626302530377 0.072085452984856774 0.072085452984856774 
2.012212216917887542 0.070695880701908298 0.070695880701908298 
2.022802807533245151 0.069199782539571666 0.069199782539571666 
2.033393398148602316 0.067605225697632026 0.067605225697632026 
2.043983988763959481 0.065920669472347163 0.065920669472347163 
2.054574579379317090 0.064154891785329848 0.064154891785329848 
2.065165169994674255 0.062316914449433596 0.062316914449433596 
2.075755760610031420 0.060415928054515129 0.060415928054515129 
2.086346351225389029 0.058461217338599353 0.058461217338599353 
2.096936941840746194 0.056462087879694554 0.056462087879694554 
2.107527532456103359 0.054427794901237017 0.054427794901237017 
2.118118123071460523 0.052367474931004569 0.052367474931004569 
2.128708713686818133 0.050290080990602642 0.050290080990602642 
2.139299304302175297 0.048204321921724115 0.048204321921724115 
2.149889894917532462 0.046118606377820205 0.046118606377820205 
2.160480485532890071 0.044040991927191415 0.044040991927191415 
2.171071076148247236 0.041979139627421905 0.041979139627421905 
2.181661666763604401 0.039940274343159339 0.039940274343159339 
2.192252257378962010 0.037931150991071208 0.037931150991071208 
2.202842847994319175 0.035958026808892603 0.035958026808892603 
2.213433438609676340 0.034026639661251711 0.034026639661251711 
2.224024029225033949 0.032142192314721617 0.032142192314721617 
2.234614619840391114 0.030309342539455469 0.030309342539455469 
2.245205210455748279 0.028532198825833337 0.028532198825833337 
2.255795801071105888 0.026814321442618361 0.026814321442618361 
2.266386391686463053 0.025158728508842126 0.025158728508842126 
2.276976982301820218 0.023567906705498701 0.023567906705498701 
2.287567572917177827 0.022043826215421676 0.022043826215421676 
2.298158163532534992 0.020587959450563676 0.020587959450563676 
2.308748754147892157 0.019201303105252358 0.019201303105252358 
2.319339344763249322 0.017884403061658716 0.017884403061658716 
2.329929935378606931 0.016637381669328474 0.016637381669328474 
2.340520525993964096 0.015459966923734785 0.015459966923734785 
2.351111116609321261 0.014351523078822159 0.014351523078822159 
2.361701707224678870 0.013311082244768006 0.013311082244768006 
2.372292297840036035 0.012337376543946383 0.012337376543946383 
2.382882888455393200 0.011428870424560676 0.011428870424560676 
2.393473479070750809 0.010583792761804255 0.010583792761804255 
2.404064069686107974 0.009800168409886054 0.009800168409886054 
2.414654660301465139 0.009075848904010567 0.009075848904010567 
2.425245250916822748 0.008408542048638456 0.008408542048638456 
2.435835841532179913 0.007795840166319002 0.007795840166319002 
2.446426432147537078 0.007235246819380630 0.007235246819380630 
2.457017022762894243 0.006724201854146930 0.006724201854146930 
2.467607613378251852 0.006260104653537327 0.006260104653537327 
2.478198203993609017 0.005840335518415686 0.005840335518415686 
2.488788794608966182 0.005462275130440686 0.005462275130440686 
2.499379385224323791 0.005123322079105990 0.005123322079105990 
2.509969975839680956 0.004820908462866843 0.004820908462866843 
2.520560566455038121 0.004552513598544181 0.004552513598544181 
2.531151157070395730 0.004315675894459211 0.004315675894459211 
2.541741747685752895 0.004108002960929565 0.004108002960929565 
2.552332338301110060 0.003927180046866248 0.003927180046866248 
2.562922928916467669 0.003770976903315563 0.003770976903315563 
2.573513519531824834 0.003637253184007937 0.003637253184007937 
2.584104110147181999 0.003523962499463951 0.003523962499463951 
2.594694700762539608 0.003429155245157638 0.003429155245157638 
2.605285291377896773 0.003350980325864791 0.003350980325864791 
2.615875881993253937 0.003287685897866180 0.003287685897866180 
2.626466472608611546 0.003237619248380262 0.003237619248380262 
2.637057063223968711 0.003199225927720833 0.003199225927720833 
2.647647653839325876 0.003171048244466661 0.003171048244466661 
2.658238244454683041 0.003151723227641814 0.003151723227641814 
2.668828835070040650 0.003139980152776552 0.003139980152776552 
2.679419425685397815 0.003134637720977039 0.003134637720977039 
2.690010016300754980 0.003134600971988405 0.003134600971988405 
2.700600606916112589 0.003138858003883073 0.003138858003883073 
2.711191197531469754 0.003146476563617972 0.003146476563617972 
2.721781788146826919 0.003156600564432863 0.003156600564432863 
2.732372378762184528 0.003168446578038763 0.003168446578038763 
2.742962969377541693 0.003181300341880840 0.003181300341880840 
2.753553559992898858 0.003194513314543566 0.003194513314543566 
2.764144150608256467 0.003207499305667578 0.003207499305667578 
2.774734741223613632 0.003219731200618589 0.003219731200618589 
2.785325331838970797 0.003230737794623350 0.003230737794623350 
2.795915922454327962 0.003240100746183998 0.003240100746183998 
2.806506513069685571 0.003247451655305224 0.003247451655305224 
2.817097103685042736 0.003252469268410212 0.003252469268410212 
2.827687694300399901 0.003254876808763214 0.003254876808763214 
2.838278284915757510 0.003254439428731830 0.003254439428731830 
2.848868875531114675 0.003250961778276065 0.003250961778276065 
2.859459466146471840 0.003244285682604476 0.003244285682604476 
2.870050056761829449 0.003234287920946074 0.003234287920946074 
2.880640647377186614 0.003220878097803634 0.003220878097803634 
2.891231237992543779 0.003203996597831232 0.003203996597831232 
2.901821828607901388 0.003183612615567942 0.003183612615567942 
2.912412419223258553 0.003159722251612153 0.003159722251612153 
2.923003009838615718 0.003132346667390373 0.003132346667390373 
2.933593600453973327 0.003101530291415877 0.003101530291415877 
2.944184191069330492 0.003067339070803595 0.003067339070803595 
2.954774781684687657 0.003029858762769206 0.003029858762769206 
2.965365372300045266 0.002989193261856394 0.002989193261856394 
2.975955962915402431 0.002945462959674048 0.002945462959674048 
2.986546553530759596 0.002898803134956011 0.002898803134956011 
2.997137144146116761 0.002849362372754916 0.002849362372754916 
3.007727734761474370 0.002797301012526643 0.002797301012526643 
3.018318325376831535 0.002742789625735878 0.002742789625735878 
3.028908915992188700 0.002686007524400992 0.002686007524400992 
3.039499506607546309 0.002627141302687699 0.002627141302687699 
3.050090097222903474 0.002566383414247221 0.002566383414247221 
3.060680687838260639 0.002503930788471240 0.002503930788471240 
3.071271278453618248 0.002439983489200576 0.002439983489200576 
3.081861869068975412 0.002374743419677041 0.002374743419677041 
3.092452459684332577 0.002308413077670875 0.002308413077670875 
3.103043050299690186 0.002241194364753652 0.002241194364753652 
3.113633640915047351 0.002173287453624258 0.002173287453624258 
3.124224231530404516 0.002104889717240739 0.002104889717240739 
3.134814822145761681 0.002036194723271930 0.002036194723271930 
3.145405412761119290 0.001967391297068657 0.001967391297068657 
3.155996003376476455 0.001898662655975135 0.001898662655975135 
3.166586593991833620 0.001830185617366918 0.001830185617366918 
3.177177184607191229 0.001762129882323121 0.001762129882323121 
3.187767775222548394 0.001694657396327850 0.001694657396327850 
3.198358365837905559 0.001627921787859370 0.001627921787859370 
3.208948956453263168 0.001562067885175639 0.001562067885175639 
3.219539547068620333 0.001497231311050745 0.001497231311050745 
3.230130137683977498 0.001433538154667854 0.001433538154667854 
3.240720728299335107 0.001371104719338864 0.001371104719338864 
3.251311318914692272 0.001310037344206500 0.001310037344206500 
3.261901909530049437 0.001250432297598168 0.001250432297598168 
3.272492500145407046 0.001192375739248449 0.001192375739248449 
3.283083090760764211 0.001135943748193587 0.001135943748193587 
3.293673681376121376 0.001081202412771101 0.001081202412771101 
3.304264271991478985 0.001028207978833942 0.001028207978833942 
3.314854862606836150 0.000977007052013738 0.000977007052013738 
3.325445453222193315 0.000927636849643193 0.000927636849643193 
3.336036043837550480 0.000880125497774423 0.000880125497774423 
3.346626634452908089 0.000834492368607542 0.000834492368607542 
3.357217225068265254 0.000790748453571612 0.000790748453571612 
3.367807815683622419 0.000748896767276449 0.000748896767276449 
3.378398406298980028 0.000708932777576704 0.000708932777576704 
3.388988996914337193 0.000670844857056463 0.000670844857056463 
3.399579587529694358 0.000634614751350178 0.000634614751350178 
3.410170178145051967 0.000600218059860799 0.000600218059860799 
3.420760768760409132 0.000567624724614471 0.000567624724614471 
3.431351359375766297 0.000536799523199323 0.000536799523199323 
3.441941949991123906 0.000507702561969595 0.000507702561969595 
3.452532540606481071 0.000480289765951222 0.000480289765951222 
3.463123131221838236 0.000454513362157025 0.000454513362157025 
3.473713721837195401 0.000430322353304654 0.000430322353304654 
3.484304312452553010 0.000407662979224170 0.000407662979224170 
3.494894903067910175 0.000386479163541066 0.000386479163541066 
3.505485493683267340 0.000366712943520643 0.000366712943520643 
3.516076084298624949 0.000348304881257765 0.000348304881257765 
3.526666674913982114 0.000331194454688841 0.000331194454688841 
3.537257265529339278 0.000315320427187618 0.000315320427187618 
3.547847856144696888 0.000300621194780523 0.000300621194780523 
3.558438446760054052 0.000287035110278569 0.000287035110278569 
3.569029037375411217 0.000274500783869448 0.000274500783869448 
3.579619627990768826 0.000262957359943877 0.000262957359943877 
3.590210218606125991 0.000252344770143216 0.000252344770143216 
3.600800809221483156 0.000242603962810069 0.000242603962810069 
3.611391399836840765 0.000233677109199432 0.000233677109199432 
3.621981990452197930 0.000225507786964629 0.000225507786964629 
3.632572581067555095 0.000218041141569764 0.000218041141569764 
3.643163171682912704 0.000211224026399039 0.000211224026399039 
3.653753762298269869 0.000205005122433344 0.000205005122433344 
3.664344352913627034 0.000199335038446783 0.000199335038446783 
3.674934943528984199 0.000194166392741000 0.000194166392741000 
3.685525534144341808 0.000189453877484293 0.000189453877484293 
3.696116124759698973 0.000185154306756594 0.000185154306756594 
3.706706715375056138 0.000181226649421597 0.000181226649421597 
3.717297305990413747 0.000177632047954899 0.000177632047954899 
3.727887896605770912 0.000174333824353135 0.000174333824353135 
3.738478487221128077 0.000171297474235139 0.000171297474235139 
3.749069077836485686 0.000168490650223259 0.000168490650223259 
3.759659668451842851 0.000165883135662503 0.000165883135662503 
3.770250259067200016 0.000163446809698293 0.000163446809698293 
3.780840849682557625 0.000161155604691450 0.000161155604691450 
3.791431440297914790 0.000158985456902737 0.000158985456902737 
3.802022030913271955 0.000156914251329876 0.000156914251329876 
3.812612621528629120 0.000154921761528335 0.000154921761528335 
3.823203212143986729 0.000152989585194291 0.000152989585194291 
3.833793802759343894 0.000151101076234718 0.000151101076234718 
3.844384393374701059 0.000149241273996262 0.000149241273996262 
3.854974983990058668 0.000147396830272054 0.000147396830272054 
3.865565574605415833 0.000145555934654311 0.000145555934654311 
3.876156165220772998 0.000143708238751051 0.000143708238751051 
3.886746755836130607 0.000141844779737694 0.000141844779737694 
3.897337346451487772 0.000139957903669116 0.000139957903669116 
3.907927937066844937 0.000138041188935019 0.000138041188935019 
3.918518527682202546 0.000136089370201424 0.000136089370201424 
3.929109118297559711 0.000134098263143729 0.000134098263143729 
3.939699708912916876 0.000132064690242182 0.000132064690242182 
3.950290299528274485 0.000129986407878708 0.000129986407878708 
3.960880890143631650 0.000127862034944771 0.000127862034944771 
3.971471480758988815 0.000125690983143263 0.000125690983143263 
3.982062071374346424 0.000123473389143106 0.000123473389143106 
3.992652661989703589 0.000121210048723280 0.000121210048723280 
4.003243252605060754 0.000118902353023088 0.000118902353023088 
4.013833843220417918 0.000116552226997551 0.000116552226997551 
4.024424433835775083 0.000114162070160669 0.000114162070160669 
4.035015024451133137 0.000111734699684741 0.000111734699684741 
4.045605615066490302 0.000109273295910793 0.000109273295910793 
4.056196205681847466 0.000106781350313317 0.000106781350313317 
4.066786796297204631 0.000104262615951754 0.000104262615951754 
4.077377386912561796 0.000101721060431331 0.000101721060431331 
4.087967977527918961 0.000099160821386887 0.000099160821386887 
4.098558568143276126 0.000096586164494996 0.000096586164494996 
4.109149158758634179 0.000094001444012000 0.000094001444012000 
4.119739749373991344 0.000091411065828316 0.000091411065828316 
4.130330339989348509 0.000088819453022570 0.000088819453022570 
4.140920930604705674 0.000086231013892634 0.000086231013892634 
4.151511521220062839 0.000083650112434467 0.000083650112434467 
4.162102111835420004 0.000081081041233701 0.000081081041233701 
4.172692702450778057 0.000078527996729252 0.000078527996729252 
4.183283293066135222 0.000075995056802698 0.000075995056802698 
4.193873883681492387 0.000073486160641899 0.000073486160641899 
4.204464474296849552 0.000071005090822234 0.000071005090822234 
4.215055064912206717 0.000068555457543970 0.000068555457543970 
4.225645655527563882 0.000066140684959605 0.000066140684959605 
4.236236246142921047 0.000063763999520654 0.000063763999520654 
4.246826836758279100 0.000061428420269218 0.000061428420269218 
4.257417427373636265 0.000059136750995806 0.000059136750995806 
4.268008017988993430 0.000056891574181422 0.000056891574181422 
4.278598608604350595 0.000054695246638695 0.000054695246638695 
4.289189199219707760 0.000052549896764085 0.000052549896764085 
4.299779789835064925 0.000050457423310733 0.000050457423310733 
4.310370380450422978 0.000048419495589556 0.000048419495589556 
4.320960971065780143 0.000046437555004604 0.000046437555004604 
4.331551561681137308 0.000044512817827528 0.000044512817827528 
4.342142152296494473 0.000042646279115362 0.000042646279115362 
4.352732742911851638 0.000040838717675545 0.000040838717675545 
4.363323333527208803 0.000039090701982325 0.000039090701982325 
4.373913924142566856 0.000037402596949373 0.000037402596949373 
4.384504514757924021 0.000035774571464487 0.000035774571464487 
4.395095105373281186 0.000034206606593819 0.000034206606593819 
4.405685695988638351 0.000032698504364983 0.000032698504364983 
4.416276286603995516 0.000031249897040713 0.000031249897040713 
4.426866877219352681 0.000029860256797420 0.000029860256797420 
4.437457467834709846 0.000028528905726038 0.000028528905726038 
4.448048058450067899 0.000027255026075846 0.000027255026075846 
4.458638649065425064 0.000026037670665591 0.000026037670665591 
4.469229239680782229 0.000024875773390049 0.000024875773390049 
4.479819830296139394 0.000023768159754254 0.000023768159754254 
4.490410420911496558 0.000022713557371832 0.000022713557371832 
4.501001011526853723 0.000021710606368240 0.000021710606368240 
4.511591602142211777 0.000020757869634209 0.000020757869634209 
4.522182192757568941 0.000019853842879190 0.000019853842879190 
4.532772783372926106 0.000018996964439212 0.000018996964439212 
4.543363373988283271 0.000018185624798088 0.000018185624798088 
4.553953964603640436 0.000017418175785483 0.000017418175785483 
4.564544555218997601 0.000016692939419813 0.000016692939419813 
4.575135145834355654 0.000016008216368339 0.000016008216368339 
4.585725736449712819 0.000015362294001086 0.000015362294001086 
4.596316327065069984 0.000014753454019366 0.000014753454019366 
4.606906917680427149 0.000014179979643654 0.000014179979643654 
4.617497508295784314 0.000013640162349354 0.000013640162349354 
4.628088098911141479 0.000013132308142617 0.000013132308142617 
4.638678689526498644 0.000012654743371770 0.000012654743371770 
4.649269280141856697 0.000012205820073084 0.000012205820073084 
4.659859870757213862 0.000011783920852592 0.000011783920852592 
4.670450461372571027 0.000011387463308381 0.000011387463308381 
4.681041051987928192 0.000011014904000289 0.000011014904000289 
4.691631642603285357 0.000010664741976195 0.000010664741976195 
4.702222233218642522 0.000010335521866129 0.000010335521866129 
4.712812823834000575 0.000010025836557215 0.000010025836557215 
4.723403414449357740 0.000009734329464039 0.000009734329464039 
4.733994005064714905 0.000009459696410399 0.000009459696410399 
4.744584595680072070 0.000009200687139519 0.000009200687139519 
4.755175186295429235 0.000008956106470750 0.000008956106470750 
4.765765776910786400 0.000008724815121540 0.000008724815121540 
4.776356367526143565 0.000008505730214000 0.000008505730214000 
4.786946958141501618 0.000008297825485789 0.000008297825485789 
4.797537548756858783 0.000008100131225268 0.000008100131225268 
4.808128139372215948 0.000007911733950965 0.000007911733950965 
4.818718729987573113 0.000007731775855316 0.000007731775855316 
4.829309320602930278 0.000007559454032491 0.000007559454032491 
4.839899911218287443 0.000007394019509809 0.000007394019509809 
4.850490501833645496 0.000007234776101869 0.000007234776101869 
4.861081092449002661 0.000007081079106029 0.000007081079106029 
4.871671683064359826 0.000006932333857335 0.000006932333857335 
4.882262273679716991 0.000006787994160352 0.000006787994160352 
4.892852864295074156 0.000006647560614719 0.000006647560614719 
4.903443454910431321 0.000006510578850472 0.000006510578850472 
4.914034045525788486 0.000006376637688486 0.000006376637688486 
4.924624636141146539 0.000006245367240550 0.000006245367240550 
4.935215226756503704 0.000006116436962826 0.000006116436962826 
4.945805817371860869 0.000005989553675601 0.000005989553675601 
4.956396407987218033 0.000005864459561432 0.000005864459561432 
4.966986998602575198 0.000005740930152971 0.000005740930152971 
4.977577589217932363 0.000005618772320922 0.000005618772320922 
4.988168179833290417 0.000005497822271792 0.000005497822271792 
4.998758770448647581 0.000005377943564313 0.000005377943564313 
5.009349361064004746 0.000005259025152608 0.000005259025152608 
5.019939951679361911 0.000005140979463477 0.000005140979463477 
5.030530542294719076 0.000005023740514391 0.000005023740514391 
5.041121132910076241 0.000004907262078120 0.000004907262078120 
5.051711723525434294 0.000004791515899237 0.000004791515899237 
5.062302314140791459 0.000004676489967081 0.000004676489967081 
5.072892904756148624 0.000004562186849161 0.000004562186849161 
5.083483495371505789 0.000004448622088385 0.000004448622088385 
5.094074085986862954 0.000004335822666945 0.000004335822666945 
5.104664676602220119 0.000004223825539162 0.000004223825539162 
5.115255267217577284 0.000004112676235107 0.000004112676235107 
5.125845857832935337 0.000004002427536324 0.000004002427536324 
5.136436448448292502 0.000003893138224588 0.000003893138224588 
5.147027039063649667 0.000003784871904171 0.000003784871904171 
5.157617629679006832 0.000003677695897762 0.000003677695897762 
5.168208220294363997 0.000003571680215796 0.000003571680215796 
5.178798810909721162 0.000003466896598653 0.000003466896598653 
5.189389401525079215 0.000003363417630875 0.000003363417630875 
5.199979992140436380 0.000003261315926280 0.000003261315926280 
5.210570582755793545 0.000003160663382612 0.000003160663382612 
5.221161173371150710 0.000003061530504130 0.000003061530504130 
5.231751763986507875 0.000002963985790360 0.000002963985790360 
5.242342354601865040 0.000002868095189020 0.000002868095189020 
5.252932945217223093 0.000002773921611014 0.000002773921611014 
5.263523535832580258 0.000002681524505211 0.000002681524505211 
5.274114126447937423 0.000002590959490647 0.000002590959490647 
5.284704717063294588 0.000002502278043635 0.000002502278043635 
5.295295307678651753 0.000002415527237260 0.000002415527237260 
5.305885898294008918 0.000002330749530581 0.000002330749530581 
5.316476488909366083 0.000002247982604895 0.000002247982604895 
5.327067079524724136 0.000002167259244318 0.000002167259244318 
5.337657670140081301 0.000002088607257963 0.000002088607257963 
5.348248260755438466 0.000002012049440954 0.000002012049440954 
5.358838851370795631 0.000001937603571550 0.000001937603571550 
5.369429441986152796 0.000001865282441631 0.000001865282441631 
5.380020032601509961 0.000001795093917881 0.000001795093917881 
5.390610623216868014 0.000001727041030977 0.000001727041030977 
5.401201213832225179 0.000001661122090202 0.000001661122090202 
5.411791804447582344 0.000001597330820910 0.000001597330820910 
5.422382395062939509 0.000001535656522366 0.000001535656522366 
5.432972985678296673 0.000001476084243537 0.000001476084243537 
5.443563576293653838 0.000001418594974514 0.000001418594974514 
5.454154166909011003 0.000001363165851288 0.000001363165851288 
5.464744757524369057 0.000001309770371744 0.000001309770371744 
5.475335348139726221 0.000001258378620800 0.000001258378620800 
5.485925938755083386 0.000001208957502713 0.000001208957502713 
5.496516529370440551 0.000001161470978703 0.000001161470978703 
5.507107119985797716 0.000001115880308122 0.000001115880308122 
5.517697710601154881 0.000001072144291528 0.000001072144291528 
5.528288301216512934 0.000001030219514098 0.000001030219514098 
5.538878891831870099 0.000000990060587964 0.000000990060587964 
5.549469482447227264 0.000000951620392121 0.000000951620392121 
5.560060073062584429 0.000000914850308700 0.000000914850308700 
5.570650663677941594 0.000000879700454494 0.000000879700454494 
5.581241254293298759 0.000000846119906708 0.000000846119906708 
5.591831844908655924 0.000000814056922051 0.000000814056922051 
5.602422435524013977 0.000000783459148356 0.000000783459148356 
5.613013026139371142 0.000000754273828020 0.000000754273828020 
5.623603616754728307 0.000000726447992661 0.000000726447992661 
5.634194207370085472 0.000000699928648479 0.000000699928648479 
5.644784797985442637 0.000000674662951879 0.000000674662951879 
5.655375388600799802 0.000000650598375034 0.000000650598375034 
5.665965979216157855 0.000000627682861107 0.000000627682861107 
5.676556569831515020 0.000000605864968961 0.000000605864968961 
5.687147160446872185 0.000000585094007238 0.000000585094007238 
5.697737751062229350 0.000000565320157763 0.000000565320157763 
5.708328341677586515 0.000000546494588294 0.000000546494588294 
5.718918932292943680 0.000000528569554693 0.000000528569554693 
5.729509522908301733 0.000000511498492648 0.000000511498492648 
5.740100113523658898 0.000000495236099137 0.000000495236099137 
5.750690704139016063 0.000000479738403839 0.000000479738403839 
5.761281294754373228 0.000000464962830779 0.000000464962830779 
5.771871885369730393 0.000000450868250502 0.000000450868250502 
5.782462475985087558 0.000000437415023099 0.000000437415023099 
5.793053066600444723 0.000000424565032461 0.000000424565032461 
5.803643657215802776 0.000000412281712141 0.000000412281712141 
5.814234247831159941 0.000000400530063219 0.000000400530063219 
5.824824838446517106 0.000000389276664604 0.000000389276664604 
5.835415429061874271 0.000000378489676192 0.000000378489676192 
5.846006019677231436 0.000000368138835329 0.000000368138835329 
5.856596610292588601 0.000000358195447024 0.000000358195447024 
5.867187200907946654 0.000000348632368360 0.000000348632368360 
5.877777791523303819 0.000000339423987551 0.000000339423987551 
5.888368382138660984 0.000000330546198094 0.000000330546198094 
5.898958972754018149 0.000000321976368467 0.000000321976368467 
5.909549563369375313 0.000000313693307787 0.000000313693307787 
5.920140153984732478 0.000000305677227876 0.000000305677227876 
5.930730744600090532 0.000000297909702140 0.000000297909702140 
5.941321335215447696 0.000000290373621666 0.000000290373621666 
5.951911925830804861 0.000000283053148932 0.000000283053148932 
5.962502516446162026 0.000000275933669498 0.000000275933669498 
5.973093107061519191 0.000000269001742045 0.000000269001742045 
5.983683697676876356 0.000000262245047102 0.000000262245047102 
5.994274288292233521 0.000000255652334789 0.000000255652334789 
6.004864878907591574 0.000000249213371880 0.000000249213371880 
6.015455469522948739 0.000000242918888493 0.000000242918888493 
6.026046060138305904 0.000000236760524651 0.000000236760524651 
6.036636650753663069 0.000000230730776999 0.000000230730776999 
6.047227241369020234 0.000000224822945890 0.000000224822945890 
6.057817831984377399 0.000000219031083071 0.000000219031083071 
6.068408422599735452 0.000000213349940160 0.000000213349940160 
6.078999013215092617 0.000000207774918100 0.000000207774918100 
6.089589603830449782 0.000000202302017751 0.000000202302017751 
6.100180194445806947 0.000000196927791771 0.000000196927791771 
6.110770785061164112 0.000000191649297914 0.000000191649297914 
6.121361375676521277 0.000000186464053851 0.000000186464053851 
6.131951966291878442 0.000000181369993632 0.000000181369993632 
6.142542556907236495 0.000000176365425851 0.000000176365425851 
6.153133147522593660 0.000000171448993597 0.000000171448993597 
6.163723738137950825 0.000000166619636245 0.000000166619636245 
6.174314328753307990 0.000000161876553125 0.000000161876553125 
6.184904919368665155 0.000000157219169103 0.000000157219169103 
6.195495509984022320 0.000000152647102097 0.000000152647102097 
6.206086100599380373 0.000000148160132529 0.000000148160132529 
6.216676691214737538 0.000000143758174719 0.000000143758174719 
6.227267281830094703 0.000000139441250205 0.000000139441250205 
6.237857872445451868 0.000000135209462971 0.000000135209462971 
6.248448463060809033 0.000000131062976563 0.000000131062976563 
6.259039053676166198 0.000000127001993046 0.000000127001993046 
6.269629644291523363 0.000000123026733772 0.000000123026733772 
6.280220234906881416 0.000000119137421910 0.000000119137421910 
6.290810825522238581 0.000000115334266684 0.000000115334266684 
6.301401416137595746 0.000000111617449261 0.000000111617449261 
6.311992006752952911 0.000000107987110242 0.000000107987110242 
6.322582597368310076 0.000000104443338670 0.000000104443338670 
6.333173187983667241 0.000000100986162515 0.000000100986162515 
6.343763778599025294 0.000000097615540542 0.000000097615540542 
6.354354369214382459 0.000000094331355512 0.000000094331355512 
6.364944959829739624 0.000000091133408630 0.000000091133408630 
6.375535550445096789 0.000000088021415181 0.000000088021415181 
6.386126141060453953 0.000000084995001262 0.000000084995001262 
6.396716731675811118 0.000000082053701563 0.000000082053701563 
6.407307322291169172 0.000000079196958091 0.000000079196958091 
6.417897912906526336 0.000000076424119801 0.000000076424119801 
6.428488503521883501 0.000000073734443028 0.000000073734443028 
6.439079094137240666 0.000000071127092683 0.000000071127092683 
6.449669684752597831 0.000000068601144112 0.000000068601144112 
6.460260275367954996 0.000000066155585576 0.000000066155585576 
6.470850865983312161 0.000000063789321277 0.000000063789321277 
6.481441456598670214 0.000000061501174862 0.000000061501174862 
6.492032047214027379 0.000000059289893358 0.000000059289893358 
6.502622637829384544 0.000000057154151462 0.000000057154151462 
6.513213228444741709 0.000000055092556148 0.000000055092556148 
6.523803819060098874 0.000000053103651526 0.000000053103651526 
6.534394409675456039 0.000000051185923906 0.000000051185923906 
6.544985000290814092 0.000000049337807014 0.000000049337807014 
6.555575590906171257 0.000000047557687332 0.000000047557687332 
6.566166181521528422 0.000000045843909496 0.000000045843909496 
6.576756772136885587 0.000000044194781733 0.000000044194781733 
6.587347362752242752 0.000000042608581283 0.000000042608581283 
6.597937953367599917 0.000000041083559793 0.000000041083559793 
6.608528543982957970 0.000000039617948628 0.000000039617948628 
6.619119134598315135 0.000000038209964094 0.000000038209964094 
6.629709725213672300 0.000000036857812528 0.000000036857812528 
6.640300315829029465 0.000000035559695248 0.000000035559695248 
6.650890906444386630 0.000000034313813328 0.000000034313813328 
6.661481497059743795 0.000000033118372195 0.000000033118372195 
6.672072087675100960 0.000000031971586019 0.000000031971586019 
6.682662678290459013 0.000000030871681895 0.000000030871681895 
6.693253268905816178 0.000000029816903791 0.000000029816903791 
6.703843859521173343 0.000000028805516271 0.000000028805516271 
6.714434450136530508 0.000000027835807973 0.000000027835807973 
6.725025040751887673 0.000000026906094837 0.000000026906094837 
6.735615631367244838 0.000000026014723096 0.000000026014723096 
6.746206221982602891 0.000000025160071998 0.000000025160071998 
6.756796812597960056 0.000000024340556297 0.000000024340556297 
6.767387403213317221 0.000000023554628476 0.000000023554628476 
6.777977993828674386 0.000000022800780736 0.000000022800780736 
6.788568584444031551 0.000000022077546736 0.000000022077546736 
6.799159175059388716 0.000000021383503097 0.000000021383503097 
6.809749765674745881 0.000000020717270672 0.000000020717270672 
6.820340356290103934 0.000000020077515594 0.000000020077515594 
6.830930946905461099 0.000000019462950100 0.000000019462950100 
6.841521537520818264 0.000000018872333155 0.000000018872333155 
6.852112128136175428 0.000000018304470869 0.000000018304470869 
6.862702718751532593 0.000000017758216725 0.000000017758216725 
6.873293309366889758 0.000000017232471623 0.000000017232471623 
6.883883899982247812 0.000000016726183761 0.000000016726183761 
6.894474490597604976 0.000000016238348348 0.000000016238348348 
6.905065081212962141 0.000000015768007166 0.000000015768007166 
6.915655671828319306 0.000000015314248003 0.000000015314248003 
6.926246262443676471 0.000000014876203946 0.000000014876203946 
6.936836853059033636 0.000000014453052561 0.000000014453052561 
6.947427443674390801 0.000000014044014970 0.000000014044014970 
6.958018034289748854 0.000000013648354821 0.000000013648354821 
6.968608624905106019 0.000000013265377180 0.000000013265377180 
6.979199215520463184 0.000000012894427348 0.000000012894427348 
6.989789806135820349 0.000000012534889600 0.000000012534889600 
7.000380396751177514 0.000000012186185882 0.000000012186185882 
7.010970987366534679 0.000000011847774445 0.000000011847774445 
7.021561577981892732 0.000000011519148455 0.000000011519148455 
7.032152168597249897 0.000000011199834560 0.000000011199834560 
7.042742759212607062 0.000000010889391442 0.000000010889391442 
7.053333349827964227 0.000000010587408348 0.000000010587408348 
7.063923940443321392 0.000000010293503621 0.000000010293503621 
7.074514531058678557 0.000000010007323223 0.000000010007323223 
7.085105121674036610 0.000000009728539265 0.000000009728539265 
7.095695712289393775 0.000000009456848552 0.000000009456848552 
7.106286302904750940 0.000000009191971143 0.000000009191971143 
7.116876893520108105 0.000000008933648926 0.000000008933648926 
7.127467484135465270 0.000000008681644232 0.000000008681644232 
7.138058074750822435 0.000000008435738471 0.000000008435738471 
7.148648665366179600 0.000000008195730799 0.000000008195730799 
7.159239255981537653 0.000000007961436836 0.000000007961436836 
7.169829846596894818 0.000000007732687409 0.000000007732687409 
7.180420437212251983 0.000000007509327347 0.000000007509327347 
7.191011027827609148 0.000000007291214324 0.000000007291214324 
7.201601618442966313 0.000000007078217735 0.000000007078217735 
7.212192209058323478 0.000000006870217639 0.000000006870217639 
7.222782799673681531 0.000000006667103736 0.000000006667103736 
7.233373390289038696 0.000000006468774403 0.000000006468774403 
7.243963980904395861 0.000000006275135781 0.000000006275135781 
7.254554571519753026 0.000000006086100904 0.000000006086100904 
7.265145162135110191 0.000000005901588893 0.000000005901588893 
7.275735752750467356 0.000000005721524192 0.000000005721524192 
7.286326343365825409 0.000000005545835852 0.000000005545835852 
7.296916933981182574 0.000000005374456876 0.000000005374456876 
7.307507524596539739 0.000000005207323600 0.000000005207323600 
7.318098115211896904 0.000000005044375134 0.000000005044375134 
7.328688705827254068 0.000000004885552838 0.000000004885552838 
7.339279296442611233 0.000000004730799852 0.000000004730799852 
7.349869887057968398 0.000000004580060669 0.000000004580060669 
7.360460477673326452 0.000000004433280743 0.000000004433280743 
7.371051068288683616 0.000000004290406151 0.000000004290406151 
7.381641658904040781 0.000000004151383280 0.000000004151383280 
7.392232249519397946 0.000000004016158561 0.000000004016158561 
7.402822840134755111 0.000000003884678236 0.000000003884678236 
7.413413430750112276 0.000000003756888156 0.000000003756888156 
7.424004021365470329 0.000000003632733613 0.000000003632733613 
7.434594611980827494 0.000000003512159206 0.000000003512159206 
7.445185202596184659 0.000000003395108723 0.000000003395108723 
7.455775793211541824 0.000000003281525067 0.000000003281525067 
7.466366383826898989 0.000000003171350185 0.000000003171350185 
7.476956974442256154 0.000000003064525040 0.000000003064525040 
7.487547565057613319 0.000000002960989590 0.000000002960989590 
7.498138155672971372 0.000000002860682788 0.000000002860682788 
7.508728746288328537 0.000000002763542605 0.000000002763542605 
7.519319336903685702 0.000000002669506061 0.000000002669506061 
7.529909927519042867 0.000000002578509277 0.000000002578509277 
7.540500518134400032 0.000000002490487530 0.000000002490487530 
7.551091108749757197 0.000000002405375327 0.000000002405375327 
7.561681699365115250 0.000000002323106484 0.000000002323106484 
7.572272289980472415 0.000000002243614213 0.000000002243614213 
7.582862880595829580 0.000000002166831218 0.000000002166831218 
7.593453471211186745 0.000000002092689793 0.000000002092689793 
7.604044061826543910 0.000000002021121923 0.000000002021121923 
7.614634652441901075 0.000000001952059394 0.000000001952059394 
7.625225243057258240 0.000000001885433900 0.000000001885433900 
7.635815833672616293 0.000000001821177150 0.000000001821177150 
7.646406424287973458 0.000000001759220979 0.000000001759220979 
7.656997014903330623 0.000000001699497455 0.000000001699497455 
7.667587605518687788 0.000000001641938987 0.000000001641938987 
7.678178196134044953 0.000000001586478428 0.000000001586478428 
7.688768786749402118 0.000000001533049177 0.000000001533049177 
7.699359377364760171 0.000000001481585280 0.000000001481585280 
7.709949967980117336 0.000000001432021518 0.000000001432021518 
7.720540558595474501 0.000000001384293505 0.000000001384293505 
7.731131149210831666 0.000000001338337768 0.000000001338337768 
7.741721739826188831 0.000000001294091831 0.000000001294091831 
7.752312330441545996 0.000000001251494286 0.000000001251494286 
7.762902921056904049 0.000000001210484870 0.000000001210484870 
7.773493511672261214 0.000000001171004523 0.000000001171004523 
7.784084102287618379 0.000000001132995449 0.000000001132995449 
7.794674692902975544 0.000000001096401173 0.000000001096401173 
7.805265283518332708 0.000000001061166581 0.000000001061166581 
7.815855874133689873 0.000000001027237968 0.000000001027237968 
7.826446464749047038 0.000000000994563073 0.000000000994563073 
7.837037055364405091 0.000000000963091106 0.000000000963091106 
7.847627645979762256 0.000000000932772776 0.000000000932772776 
7.858218236595119421 0.000000000903560310 0.000000000903560310 
7.868808827210476586 0.000000000875407468 0.000000000875407468 
7.879399417825833751 0.000000000848269550 0.000000000848269550 
7.889990008441190916 0.000000000822103402 0.000000000822103402 
7.900580599056548969 0.000000000796867416 0.000000000796867416 
7.911171189671906134 0.000000000772521525 0.000000000772521525 
7.921761780287263299 0.000000000749027193 0.000000000749027193 
7.932352370902620464 0.000000000726347405 0.000000000726347405 
7.942942961517977629 0.000000000704446646 0.000000000704446646 
7.953533552133334794 0.000000000683290885 0.000000000683290885 
7.964124142748692847 0.000000000662847550 0.000000000662847550 
7.974714733364050012 0.000000000643085502 0.000000000643085502 
7.985305323979407177 0.000000000623975005 0.000000000623975005 
7.995895914594764342 0.000000000605487698 0.000000000605487698 
8.006486505210121507 0.000000000587596556 0.000000000587596556 
8.017077095825479560 0.000000000570275860 0.000000000570275860 
8.027667686440835837 0.000000000553501155 0.000000000553501155 
8.038258277056193890 0.000000000537249215 0.000000000537249215 
8.048848867671550167 0.000000000521498000 0.000000000521498000 
8.059439458286908220 0.000000000506226619 0.000000000506226619 
8.070030048902266273 0.000000000491415284 0.000000000491415284 
8.080620639517622550 0.000000000477045269 0.000000000477045269 
8.091211230132980603 0.000000000463098868 0.000000000463098868 
8.101801820748336880 0.000000000449559352 0.000000000449559352 
8.112392411363694933 0.000000000436410925 0.000000000436410925 
8.122983001979051210 0.000000000423638680 0.000000000423638680 
8.133573592594409263 0.000000000411228562 0.000000000411228562 
8.144164183209767316 0.000000000399167316 0.000000000399167316 
8.154754773825123593 0.000000000387442456 0.000000000387442456 
8.165345364440481646 0.000000000376042216 0.000000000376042216 
8.175935955055837923 0.000000000364955514 0.000000000364955514 
8.186526545671195976 0.000000000354171910 0.000000000354171910 
8.197117136286552252 0.000000000343681571 0.000000000343681571 
8.207707726901910306 0.000000000333475231 0.000000000333475231 
8.218298317517268359 0.000000000323544154 0.000000000323544154 
8.228888908132624636 0.000000000313880104 0.000000000313880104 
8.239479498747982689 0.000000000304475306 0.000000000304475306 
8.250070089363338965 0.000000000295322416 0.000000000295322416 
8.260660679978697019 0.000000000286414489 0.000000000286414489 
8.271251270594055072 0.000000000277744952 0.000000000277744952 
8.281841861209411348 0.000000000269307571 0.000000000269307571 
8.292432451824769402 0.000000000261096429 0.000000000261096429 
8.303023042440125678 0.000000000253105896 0.000000000253105896 
8.313613633055483731 0.000000000245330609 0.000000000245330609 
8.324204223670840008 0.000000000237765446 0.000000000237765446 
8.334794814286198061 0.000000000230405506 0.000000000230405506 
8.345385404901556115 0.000000000223246089 0.000000000223246089 
8.355975995516912391 0.000000000216282676 0.000000000216282676 
8.366566586132270444 0.000000000209510913 0.000000000209510913 
8.377157176747626721 0.000000000202926596 0.000000000202926596 
8.387747767362984774 0.000000000196525653 0.000000000196525653 
8.398338357978341051 0.000000000190304132 0.000000000190304132 
8.408928948593699104 0.000000000184258187 0.000000000184258187 
8.419519539209057157 0.000000000178384070 0.000000000178384070 
8.430110129824413434 0.000000000172678117 0.000000000172678117 
8.440700720439771487 0.000000000167136741 0.000000000167136741 
8.451291311055127764 0.000000000161756421 0.000000000161756421 
8.461881901670485817 0.000000000156533697 0.000000000156533697 
8.472472492285842094 0.000000000151465163 0.000000000151465163 
8.483063082901200147 0.000000000146547460 0.000000000146547460 
8.493653673516558200 0.000000000141777274 0.000000000141777274 
8.504244264131914477 0.000000000137151325 0.000000000137151325 
8.514834854747272530 0.000000000132666374 0.000000000132666374 
8.525425445362628807 0.000000000128319209 0.000000000128319209 
8.536016035977986860 0.000000000124106650 0.000000000124106650 
8.546606626593344913 0.000000000120025546 0.000000000120025546 
8.557197217208701190 0.000000000116072771 0.000000000116072771 
8.567787807824059243 0.000000000112245224 0.000000000112245224 
8.578378398439415520 0.000000000108539832 0.000000000108539832 
8.588968989054773573 0.000000000104953545 0.000000000104953545 
8.599559579670129850 0.000000000101483340 0.000000000101483340 
8.610150170285487903 0.000000000098126218 0.000000000098126218 
8.620740760900845956 0.000000000094879209 0.000000000094879209 
8.631331351516202233 0.000000000091739369 0.000000000091739369 
8.641921942131560286 0.000000000088703784 0.000000000088703784 
8.652512532746916563 0.000000000085769570 0.000000000085769570 
8.663103123362274616 0.000000000082933872 0.000000000082933872 
8.673693713977630892 0.000000000080193873 0.000000000080193873 
8.684284304592988946 0.000000000077546786 0.000000000077546786 
8.694874895208346999 0.000000000074989864 0.000000000074989864 
8.705465485823703276 0.000000000072520394 0.000000000072520394 
8.716056076439061329 0.000000000070135706 0.000000000070135706 
8.726646667054417605 0.000000000067833170 0.000000000067833170 
8.737237257669775659 0.000000000065610198 0.000000000065610198 
8.747827848285133712 0.000000000063464248 0.000000000063464248 
8.758418438900489988 0.000000000061392821 0.000000000061392821 
8.769009029515848042 0.000000000059393469 0.000000000059393469 
8.779599620131204318 0.000000000057463790 0.000000000057463790 
8.790190210746562371 0.000000000055601432 0.000000000055601432 
8.800780801361918648 0.000000000053804095 0.000000000053804095 
8.811371391977276701 0.000000000052069528 0.000000000052069528 
8.821961982592634754 0.000000000050395537 0.000000000050395537 
8.832552573207991031 0.000000000048779978 0.000000000048779978 
8.843143163823349084 0.000000000047220764 0.000000000047220764 
8.853733754438705361 0.000000000045715860 0.000000000045715860 
8.864324345054063414 0.000000000044263288 0.000000000044263288 
8.874914935669419691 0.000000000042861125 0.000000000042861125 
8.885505526284777744 0.000000000041507504 0.000000000041507504 
8.896096116900135797 0.000000000040200613 0.000000000040200613 
8.906686707515492074 0.000000000038938697 0.000000000038938697 
8.917277298130850127 0.000000000037720055 0.000000000037720055 
8.927867888746206404 0.000000000036543042 0.000000000036543042 
8.938458479361564457 0.000000000035406068 0.000000000035406068 
8.949049069976922510 0.000000000034307596 0.000000000034307596 
8.959639660592278787 0.000000000033246145 0.000000000033246145 
8.970230251207636840 0.000000000032220285 0.000000000032220285 
8.980820841822993117 0.000000000031228640 0.000000000031228640 
8.991411432438351170 0.000000000030269885 0.000000000030269885 
9.002002023053707447 0.000000000029342745 0.000000000029342745 
9.012592613669065500 0.000000000028445995 0.000000000028445995 
9.023183204284423553 0.000000000027578458 0.000000000027578458 
9.033773794899779830 0.000000000026739006 0.000000000026739006 
9.044364385515137883 0.000000000025926556 0.000000000025926556 
9.054954976130494160 0.000000000025140070 0.000000000025140070 
9.065545566745852213 0.000000000024378556 0.000000000024378556 
9.076136157361208490 0.000000000023641061 0.000000000023641061 
9.086726747976566543 0.000000000022926677 0.000000000022926677 
9.097317338591924596 0.000000000022234533 0.000000000022234533 
9.107907929207280873 0.000000000021563799 0.000000000021563799 
9.118498519822638926 0.000000000020913681 0.000000000020913681 
9.129089110437995203 0.000000000020283422 0.000000000020283422 
9.139679701053353256 0.000000000019672298 0.000000000019672298 
9.150270291668711309 0.000000000019079620 0.000000000019079620 
9.160860882284067586 0.000000000018504730 0.000000000018504730 
9.171451472899425639 0.000000000017947001 0.000000000017947001 
9.182042063514781916 0.000000000017405835 0.000000000017405835 
9.192632654130139969 0.000000000016880663 0.000000000016880663 
9.203223244745496245 0.000000000016370940 0.000000000016370940 
9.213813835360854299 0.000000000015876150 0.000000000015876150 
9.224404425976212352 0.000000000015395799 0.000000000015395799 
9.234995016591568628 0.000000000014929416 0.000000000014929416 
9.245585607206926682 0.000000000014476553 0.000000000014476553 
9.256176197822282958 0.000000000014036781 0.000000000014036781 
9.266766788437641011 0.000000000013609692 0.000000000013609692 
9.277357379052997288 0.000000000013194897 0.000000000013194897 
9.287947969668355341 0.000000000012792023 0.000000000012792023 
9.298538560283713394 0.000000000012400714 0.000000000012400714 
9.309129150899069671 0.000000000012020630 0.000000000012020630 
9.319719741514427724 0.000000000011651445 0.000000000011651445 
9.330310332129784001 0.000000000011292846 0.000000000011292846 
9.340900922745142054 0.000000000010944535 0.000000000010944535 
9.351491513360498331 0.000000000010606225 0.000000000010606225 
9.362082103975856384 0.000000000010277640 0.000000000010277640 
9.372672694591214437 0.000000000009958514 0.000000000009958514 
9.383263285206570714 0.000000000009648593 0.000000000009648593 
9.393853875821928767 0.000000000009347631 0.000000000009347631 
9.404444466437285044 0.000000000009055390 0.000000000009055390 
9.415035057052643097 0.000000000008771641 0.000000000008771641 
9.425625647668001150 0.000000000008496162 0.000000000008496162 
9.436216238283357427 0.000000000008228740 0.000000000008228740 
9.446806828898715480 0.000000000007969166 0.000000000007969166 
9.457397419514071757 0.000000000007717239 0.000000000007717239 
9.467988010129429810 0.000000000007472762 0.000000000007472762 
9.478578600744786087 0.000000000007235545 0.000000000007235545 
9.489169191360144140 0.000000000007005403 0.000000000007005403 
9.499759781975502193 0.000000000006782154 0.000000000006782154 
9.510350372590858470 0.000000000006565623 0.000000000006565623 
9.520940963206216523 0.000000000006355638 0.000000000006355638 
9.531531553821572800 0.000000000006152029 0.000000000006152029 
9.542122144436930853 0.000000000005954633 0.000000000005954633 
9.552712735052287130 0.000000000005763290 0.000000000005763290 
9.563303325667645183 0.000000000005577840 0.000000000005577840 
9.573893916283003236 0.000000000005398131 0.000000000005398131 
9.584484506898359513 0.000000000005224011 0.000000000005224011 
9.595075097513717566 0.000000000005055332 0.000000000005055332 
9.605665688129073843 0.000000000004891949 0.000000000004891949 
9.616256278744431896 0.000000000004733718 0.000000000004733718 
9.626846869359789949 0.000000000004580501 0.000000000004580501 
9.637437459975146226 0.000000000004432159 0.000000000004432159 
9.648028050590504279 0.000000000004288558 0.000000000004288558 
9.658618641205860555 0.000000000004149566 0.000000000004149566 
9.669209231821218609 0.000000000004015053 0.000000000004015053 
9.679799822436574885 0.000000000003884891 0.000000000003884891 
9.690390413051932939 0.000000000003758956 0.000000000003758956 
9.700981003667290992 0.000000000003637124 0.000000000003637124 
9.711571594282647268 0.000000000003519277 0.000000000003519277 
9.722162184898005322 0.000000000003405295 0.000000000003405295 
9.732752775513361598 0.000000000003295064 0.000000000003295064 
9.743343366128719651 0.000000000003188469 0.000000000003188469 
9.753933956744075928 0.000000000003085401 0.000000000003085401 
9.764524547359433981 0.000000000002985750 0.000000000002985750 
9.775115137974792034 0.000000000002889411 0.000000000002889411 
9.785705728590148311 0.000000000002796279 0.000000000002796279 
9.796296319205506364 0.000000000002706253 0.000000000002706253 
9.806886909820862641 0.000000000002619234 0.000000000002619234 
9.817477500436220694 0.000000000002535124 0.000000000002535124 
9.828068091051576971 0.000000000002453830 0.000000000002453830 
9.838658681666935024 0.000000000002375258 0.000000000002375258 
9.849249272282293077 0.000000000002299318 0.000000000002299318 
9.859839862897649354 0.000000000002225924 0.000000000002225924 
9.870430453513007407 0.000000000002154989 0.000000000002154989 
9.881021044128363684 0.000000000002086430 0.000000000002086430 
9.891611634743721737 0.000000000002020167 0.000000000002020167 
9.902202225359079790 0.000000000001956121 0.000000000001956121 
9.912792815974436067 0.000000000001894215 0.000000000001894215 
9.923383406589794120 0.000000000001834375 0.000000000001834375 
9.933973997205150397 0.000000000001776530 0.000000000001776530 
9.944564587820508450 0.000000000001720610 0.000000000001720610 
9.955155178435864727 0.000000000001666546 0.000000000001666546 
9.965745769051222780 0.000000000001614273 0.000000000001614273 
9.976336359666580833 0.000000000001563729 0.000000000001563729 
9.986926950281937110 0.000000000001514851 0.000000000001514851 
9.997517540897295163 0.000000000001467580 0.000000000001467580 
10.008108131512651440 0.000000000001421859 0.000000000001421859 
10.018698722128009493 0.000000000001377633 0.000000000001377633 
10.029289312743365770 0.000000000001334848 0.000000000001334848 
10.039879903358723823 0.000000000001293452 0.000000000001293452 
10.050470493974081876 0.000000000001253396 0.000000000001253396 
10.061061084589438153 0.000000000001214632 0.000000000001214632 
10.071651675204796206 0.000000000001177113 0.000000000001177113 
10.082242265820152483 0.000000000001140795 0.000000000001140795 
10.092832856435510536 0.000000000001105636 0.000000000001105636 
10.103423447050868589 0.000000000001071593 0.000000000001071593 
10.114014037666224866 0.000000000001038628 0.000000000001038628 
10.124604628281582919 0.000000000001006703 0.000000000001006703 
10.135195218896939195 0.000000000000975780 0.000000000000975780 
10.145785809512297249 0.000000000000945825 0.000000000000945825 
10.156376400127653525 0.000000000000916803 0.000000000000916803 
10.166966990743011579 0.000000000000888683 0.000000000000888683 
10.177557581358369632 0.000000000000861433 0.000000000000861433 
10.188148171973725908 0.000000000000835024 0.000000000000835024 
10.198738762589083962 0.000000000000809426 0.000000000000809426 
10.209329353204440238 0.000000000000784612 0.000000000000784612 
10.219919943819798291 0.000000000000760555 0.000000000000760555 
10.230510534435154568 0.000000000000737231 0.000000000000737231 
10.241101125050512621 0.000000000000714616 0.000000000000714616 
10.251691715665870674 0.000000000000692684 0.000000000000692684 
10.262282306281226951 0.000000000000671416 0.000000000000671416 
10.272872896896585004 0.000000000000650788 0.000000000000650788 
10.283463487511941281 0.000000000000630780 0.000000000000630780 
10.294054078127299334 0.000000000000611372 0.000000000000611372 
10.304644668742657387 0.000000000000592547 0.000000000000592547 
10.315235259358013664 0.000000000000574284 0.000000000000574284 
10.325825849973371717 0.000000000000556567 0.000000000000556567 
10.336416440588727994 0.000000000000539379 0.000000000000539379 
10.347007031204086047 0.000000000000522703 0.000000000000522703 
10.357597621819442324 0.000000000000506525 0.000000000000506525 
10.368188212434800377 0.000000000000490828 0.000000000000490828 
10.378778803050158430 0.000000000000475600 0.000000000000475600 
10.389369393665514707 0.000000000000460825 0.000000000000460825 
10.399959984280872760 0.000000000000446491 0.000000000000446491 
10.410550574896229037 0.000000000000432584 0.000000000000432584 
10.421141165511587090 0.000000000000419092 0.000000000000419092 
10.431731756126943367 0.000000000000406004 0.000000000000406004 
10.442322346742301420 0.000000000000393307 0.000000000000393307 
10.452912937357659473 0.000000000000380990 0.000000000000380990 
10.463503527973015750 0.000000000000369043 0.000000000000369043 
10.474094118588373803 0.000000000000357454 0.000000000000357454 
10.484684709203730080 0.000000000000346215 0.000000000000346215 
10.495275299819088133 0.000000000000335314 0.000000000000335314 
10.505865890434446186 0.000000000000324743 0.000000000000324743 
10.516456481049802463 0.000000000000314493 0.000000000000314493 
10.527047071665160516 0.000000000000304553 0.000000000000304553 
10.537637662280516793 0.000000000000294916 0.000000000000294916 
10.548228252895874846 0.000000000000285573 0.000000000000285573 
10.558818843511231123 0.000000000000276517 0.000000000000276517 
10.569409434126589176 0.000000000000267737 0.000000000000267737 
10.580000024741947229 0.000000000000259228 0.000000000000259228 
10.590590615357303506 0.000000000000250982 0.000000000000250982 
10.601181205972661559 0.000000000000242990 0.000000000000242990 
10.611771796588017835 0.000000000000235247 0.000000000000235247 
10.622362387203375889 0.000000000000227744 0.000000000000227744 
10.632952977818732165 0.000000000000220476 0.000000000000220476 
10.643543568434090218 0.000000000000213435 0.000000000000213435 
10.654134159049448272 0.000000000000206615 0.000000000000206615 
10.664724749664804548 0.000000000000200010 0.000000000000200010 
10.675315340280162602 0.000000000000193613 0.000000000000193613 
10.685905930895518878 0.000000000000187418 0.000000000000187418 
10.696496521510876931 0.000000000000181420 0.000000000000181420 
10.707087112126233208 0.000000000000175613 0.000000000000175613 
10.717677702741591261 0.000000000000169991 0.000000000000169991 
10.728268293356949314 0.000000000000164548 0.000000000000164548 
10.738858883972305591 0.000000000000159280 0.000000000000159280 
10.749449474587663644 0.000000000000154181 0.000000000000154181 
10.760040065203019921 0.000000000000149246 0.000000000000149246 
10.770630655818377974 0.000000000000144470 0.000000000000144470 
10.781221246433736027 0.000000000000139849 0.000000000000139849 
10.791811837049092304 0.000000000000135377 0.000000000000135377 
10.802402427664450357 0.000000000000131049 0.000000000000131049 
10.812993018279806634 0.000000000000126863 0.000000000000126863 
10.823583608895164687 0.000000000000122812 0.000000000000122812 
10.834174199510520964 0.000000000000118893 0.000000000000118893 
10.844764790125879017 0.000000000000115102 0.000000000000115102 
10.855355380741237070 0.000000000000111434 0.000000000000111434 
10.865945971356593347 0.000000000000107886 0.000000000000107886 
10.876536561971951400 0.000000000000104454 0.000000000000104454 
