# Common Single Photo Electron spectrum for SST from LCT2 sensor
# Configuration : test, with XT = 8
# Gain : 0.92
# Sigma_e : 0.0
# Sigma_g : 0.16477123994089932
0.000000000000000000 0.000000378574989605 0.000000378574989605
0.010590590615357304 0.000000540895018073 0.000000540895018073
0.021181181230714607 0.000000769626265750 0.000000769626265750
0.031771771846071911 0.000001090567666694 0.000001090567666694
0.042362362461429215 0.000001538973676143 0.000001538973676143
0.052952953076786519 0.000002162796222686 0.000002162796222686
0.063543543692143822 0.000003026954205751 0.000003026954205751
0.074134134307501126 0.000004218926273414 0.000004218926273414
0.084724724922858430 0.000005856037628761 0.000005856037628761
0.095315315538215734 0.000008094902430484 0.000008094902430484
0.105905906153573037 0.000011143592322779 0.000011143592322779
0.116496496768930341 0.000015277231148400 0.000015277231148400
0.127087087384287645 0.000020857868305699 0.000020857868305699
0.137677677999644948 0.000028359660637966 0.000028359660637966
0.148268268615002252 0.000038400596924567 0.000038400596924567
0.158858859230359556 0.000051782231069319 0.000051782231069319
0.169449449845716860 0.000069539150104431 0.000069539150104431
0.180040040461074163 0.000093000190009245 0.000093000190009245
0.190630631076431467 0.000123863723246339 0.000123863723246339
0.201221221691788771 0.000164289671857102 0.000164289671857102
0.211811812307146075 0.000217011241308655 0.000217011241308655
0.222402402922503378 0.000285469712268833 0.000285469712268833
0.232992993537860682 0.000373975955679883 0.000373975955679883
0.243583584153217986 0.000487902632364516 0.000487902632364516
0.254174174768575289 0.000633911278894264 0.000633911278894264
0.264764765383932565 0.000820218638798054 0.000820218638798054
0.275355355999289897 0.001056906639798655 0.001056906639798655
0.285945946614647228 0.001356280306429353 0.001356280306429353
0.296536537230004504 0.001733277591788608 0.001733277591788608
0.307127127845361780 0.002205934567810128 0.002205934567810128
0.317717718460719112 0.002795908583864839 0.002795908583864839
0.328308309076076443 0.003529060842345355 0.003529060842345355
0.338898899691433719 0.004436098303029623 0.004436098303029623
0.349489490306790995 0.005553272876646224 0.005553272876646224
0.360080080922148327 0.006923133472004132 0.006923133472004132
0.370670671537505658 0.008595323602680165 0.008595323602680165
0.381261262152862934 0.010627413937687825 0.010627413937687825
0.391851852768220210 0.013085755416004907 0.013085755416004907
0.402442443383577542 0.016046334382974037 0.016046334382974037
0.413033033998934873 0.019595606722510865 0.019595606722510865
0.423623624614292149 0.023831283260686831 0.023831283260686831
0.434214215229649425 0.028863033946721899 0.028863033946721899
0.444804805845006757 0.034813073656084811 0.034813073656084811
0.455395396460364088 0.041816588122114591 0.041816588122114591
0.465985987075721364 0.050021954734885833 0.050021954734885833
0.476576577691078640 0.059590710023949396 0.059590710023949396
0.487167168306435971 0.070697213859726701 0.070697213859726701
0.497757758921793303 0.083527960070449742 0.083527960070449742
0.508348349537150579 0.098280484577236205 0.098280484577236205
0.518938940152507855 0.115161825579076241 0.115161825579076241
0.529529530767865131 0.134386496014744006 0.134386496014744006
0.540120121383222518 0.156173936676222036 0.156173936676222036
0.550710711998579794 0.180745429058673662 0.180745429058673662
0.561301302613937070 0.208320460321203826 0.208320460321203826
0.571891893229294457 0.239112548504604450 0.239112548504604450
0.582482483844651733 0.273324554184977975 0.273324554184977975
0.593073074460009009 0.311143524677637451 0.311143524677637451
0.603663665075366285 0.352735138245940827 0.352735138245940827
0.614254255690723561 0.398237837879123424 0.398237837879123424
0.624844846306080948 0.447756766318668509 0.447756766318668509
0.635435436921438224 0.501357635262199897 0.501357635262199897
0.646026027536795500 0.559060681102908741 0.559060681102908741
0.656616618152152887 0.620834876169098160 0.620834876169098160
0.667207208767510163 0.686592577204893084 0.686592577204893084
0.677797799382867439 0.756184800813540559 0.756184800813540559
0.688388389998224715 0.829397317896088393 0.829397317896088393
0.698978980613581991 0.905947755033230773 0.905947755033230773
0.709569571228939378 0.985483879745727820 0.985483879745727820
0.720160161844296653 1.067583228340921675 1.067583228340921675
0.730750752459653929 1.151754209603006895 1.151754209603006895
0.741341343075011316 1.237438785215780213 1.237438785215780213
0.751931933690368592 1.324016789146392981 1.324016789146392981
0.762522524305725868 1.410811904218663537 1.410811904218663537
0.773113114921083144 1.497099266023504738 1.497099266023504738
0.783703705536440420 1.582114613683384796 1.582114613683384796
0.794294296151797807 1.665064855560790757 1.665064855560790757
0.804884886767155083 1.745139867686734680 1.745139867686734680
0.815475477382512359 1.821525295471470463 1.821525295471470463
0.826066067997869746 1.893416087122690827 1.893416087122690827
0.836656658613227022 1.960030452011583657 1.960030452011583657
0.847247249228584298 2.020623910674375079 2.020623910674375079
0.857837839843941574 2.074503086614807312 2.074503086614807312
0.868428430459298850 2.121038884620348508 2.121038884620348508
0.879019021074656237 2.159678706538815884 2.159678706538815884
0.889609611690013513 2.189957373533399920 2.189957373533399920
0.900200202305370789 2.211506453405406969 2.211506453405406969
0.910790792920728176 2.224061731821092014 2.224061731821092014
0.921381383536085452 2.227468615916282868 2.227468615916282868
0.931971974151442728 2.221685316082556039 2.221685316082556039
0.942562564766800004 2.206783714722703404 2.206783714722703404
0.953153155382157280 2.182947897109089652 2.182947897109089652
0.963743745997514667 2.150470386743033036 2.150470386743033036
0.974334336612871943 2.109746193311913931 2.109746193311913931
0.984924927228229219 2.061264843059146035 2.061264843059146035
0.995515517843586606 2.005600616885164111 2.005600616885164111
1.006106108458943771 1.943401268827445350 1.943401268827445350
1.016696699074301158 1.875375535128362081 1.875375535128362081
1.027287289689658545 1.802279770722357677 1.802279770722357677
1.037877880305015710 1.724904064959740912 1.724904064959740912
1.048468470920373097 1.644058191524257584 1.644058191524257584
1.059059061535730262 1.560557739071096961 1.560557739071096961
1.069649652151087649 1.475210749843228752 1.475210749843228752
1.080240242766445036 1.388805164556739191 1.388805164556739191
1.090830833381802201 1.302097334659797268 1.302097334659797268
1.101421423997159588 1.215801819405236683 1.215801819405236683
1.112012014612516975 1.130582636944029051 1.130582636944029051
1.122602605227874140 1.047046087834776040 1.047046087834776040
1.133193195843231527 0.965735217948063163 0.965735217948063163
1.143783786458588914 0.887125937600011794 0.887125937600011794
1.154374377073946079 0.811624766578204926 0.811624766578204926
1.164964967689303466 0.739568131990435584 0.739568131990435584
1.175555558304660630 0.671223108753836173 0.671223108753836173
1.186146148920018017 0.606789461917519257 0.606789461917519257
1.196736739535375404 0.546402826418865950 0.546402826418865950
1.207327330150732569 0.490138843532575308 0.490138843532575308
1.217917920766089956 0.438018064100187732 0.438018064100187732
1.228508511381447121 0.390011426270746808 0.390011426270746808
1.239099101996804508 0.346046119354255943 0.346046119354255943
1.249689692612161895 0.306011654718816750 0.306011654718816750
1.260280283227519060 0.269765978547825747 0.269765978547825747
1.270870873842876447 0.237141478734305938 0.237141478734305938
1.281461464458233834 0.207950758214951958 0.207950758214951958
1.292052055073590999 0.181992068643672289 0.181992068643672289
1.302642645688948386 0.159054320537555444 0.159054320537555444
1.313233236304305773 0.138921608051281315 0.138921608051281315
1.323823826919662938 0.121377207617684738 0.121377207617684738
1.334414417535020325 0.106207029231800185 0.106207029231800185
1.345005008150377490 0.093202516691327161 0.093202516691327161
1.355595598765734877 0.082163008315608271 0.082163008315608271
1.366186189381092264 0.072897582359156499 0.072897582359156499
1.376776779996449429 0.065226421448131539 0.065226421448131539
1.387367370611806816 0.058981737940201173 0.058981737940201173
1.397957961227163981 0.054008307270724067 0.054008307270724067
1.408548551842521368 0.050163659302540721 0.050163659302540721
1.419139142457878755 0.047317978695378689 0.047317978695378689
1.429729733073235920 0.045353764638909576 0.045353764638909576
1.440320323688593307 0.044165298251211203 0.044165298251211203
1.450910914303950694 0.043657962832490724 0.043657962832490724
1.461501504919307859 0.043747458271046355 0.043747458271046355
1.472092095534665246 0.044358946491323610 0.044358946491323610
1.482682686150022633 0.045426160150307732 0.045426160150307732
1.493273276765379798 0.046890502032648530 0.046890502032648530
1.503863867380737185 0.048700157935392063 0.048700157935392063
1.514454457996094350 0.050809241402675696 0.050809241402675696
1.525045048611451737 0.053176984567480427 0.053176984567480427
1.535635639226809124 0.055766985648073149 0.055766985648073149
1.546226229842166289 0.058546520369563440 0.058546520369563440
1.556816820457523676 0.061485921750541815 0.061485921750541815
1.567407411072880841 0.064558030305993580 0.064558030305993580
1.577998001688238228 0.067737714750323072 0.067737714750323072
1.588588592303595615 0.071001461707014393 0.071001461707014393
1.599179182918952780 0.074327031705531107 0.074327031705531107
1.609769773534310167 0.077693177828767362 0.077693177828767362
1.620360364149667554 0.081079422721667668 0.081079422721667668
1.630950954765024719 0.084465889240352102 0.084465889240352102
1.641541545380382106 0.087833179770567010 0.087833179770567010
1.652132135995739493 0.091162299137575342 0.091162299137575342
1.662722726611096657 0.094434616034164601 0.094434616034164601
1.673313317226454044 0.097631857981483966 0.097631857981483966
1.683903907841811209 0.100736134985945358 0.100736134985945358
1.694494498457168596 0.103729987246035535 0.103729987246035535
1.705085089072525983 0.106596452481409629 0.106596452481409629
1.715675679687883148 0.109319148692642351 0.109319148692642351
1.726266270303240535 0.111882368406234445 0.111882368406234445
1.736856860918597700 0.114271180711248366 0.114271180711248366
1.747447451533955087 0.116471537648660348 0.116471537648660348
1.758038042149312474 0.118470381771013669 0.118470381771013669
1.768628632764669639 0.120255751948133802 0.120255751948133802
1.779219223380027026 0.121816884754974972 0.121816884754974972
1.789809813995384413 0.123144309040811945 0.123144309040811945
1.800400404610741578 0.124229931545640396 0.124229931545640396
1.810990995226098965 0.125067111700190609 0.125067111700190609
1.821581585841456352 0.125650724020399174 0.125650724020399174
1.832172176456813517 0.125977206785014256 0.125977206785014256
1.842762767072170904 0.126044595965194711 0.126044595965194711
1.853353357687528069 0.125852543655927213 0.125852543655927213
1.863943948302885456 0.125402320538768541 0.125402320538768541
1.874534538918242843 0.124696802181325422 0.124696802181325422
1.885125129533600008 0.123740439248190032 0.123740439248190032
1.895715720148957395 0.122539211957693100 0.122539211957693100
1.906306310764314560 0.121100569365635805 0.121100569365635805
1.916896901379671947 0.119433354287931850 0.119433354287931850
1.927487491995029334 0.117547714885742310 0.117547714885742310
1.938078082610386499 0.115455004126350153 0.115455004126350153
1.948668673225743886 0.113167668498129648 0.113167668498129648
1.959259263841101273 0.110699127496347166 0.110699127496347166
1.969849854456458438 0.108063645506464120 0.108063645506464120
1.980440445071815825 0.105276197791912829 0.105276197791912829
1.991031035687173212 0.102352332343323554 0.102352332343323554
2.001621626302530377 0.099308029365824849 0.099308029365824849
2.012212216917887542 0.096159560170819183 0.096159560170819183
2.022802807533245151 0.092923347199602546 0.092923347199602546
2.033393398148602316 0.089615826839941751 0.089615826839941751
2.043983988763959481 0.086253316605314156 0.086253316605314156
2.054574579379317090 0.082851888132467369 0.082851888132467369
2.065165169994674255 0.079427247319126898 0.079427247319126898
2.075755760610031420 0.075994622773245632 0.075994622773245632
2.086346351225389029 0.072568663581529899 0.072568663581529899
2.096936941840746194 0.069163347231596395 0.069163347231596395
2.107527532456103359 0.065791898342590166 0.065791898342590166
2.118118123071460523 0.062466718676965585 0.062466718676965585
2.128708713686818133 0.059199328724817264 0.059199328724817264
2.139299304302175297 0.056000320974927957 0.056000320974927957
2.149889894917532462 0.052879324816571857 0.052879324816571857
2.160480485532890071 0.049844982855820529 0.049844982855820529
2.171071076148247236 0.046904938282011741 0.046904938282011741
2.181661666763604401 0.044065832786183229 0.044065832786183229
2.192252257378962010 0.041333314415260641 0.041333314415260641
2.202842847994319175 0.038712054644809583 0.038712054644809583
2.213433438609676340 0.036205773870022967 0.036205773870022967
2.224024029225033949 0.033817274449694339 0.033817274449694339
2.234614619840391114 0.031548480391214426 0.031548480391214426
2.245205210455748279 0.029400482735761808 0.029400482735761808
2.255795801071105888 0.027373589691134233 0.027373589691134233
2.266386391686463053 0.025467380564084770 0.025467380564084770
2.276976982301820218 0.023680762563342173 0.023680762563342173
2.287567572917177827 0.022012029577255808 0.022012029577255808
2.298158163532534992 0.020458922074586883 0.020458922074586883
2.308748754147892157 0.019018687331651303 0.019018687331651303
2.319339344763249322 0.017688139252009225 0.017688139252009225
2.329929935378606931 0.016463717114369333 0.016463717114369333
2.340520525993964096 0.015341542658544942 0.015341542658544942
2.351111116609321261 0.014317474996414942 0.014317474996414942
2.361701707224678870 0.013387162913262357 0.013387162913262357
2.372292297840036035 0.012546094203046480 0.012546094203046480
2.382882888455393200 0.011789641757725651 0.011789641757725651
2.393473479070750809 0.011113106204450536 0.011113106204450536
2.404064069686107974 0.010511754954227445 0.010511754954227445
2.414654660301465139 0.009980857590626021 0.009980857590626021
2.425245250916822748 0.009515717586568743 0.009515717586568743
2.435835841532179913 0.009111700390663108 0.009111700390663108
2.446426432147537078 0.008764257971567962 0.008764257971567962
2.457017022762894243 0.008468949949330109 0.008468949949330109
2.467607613378251852 0.008221461476442770 0.008221461476442770
2.478198203993609017 0.008017618058659198 0.008017618058659198
2.488788794608966182 0.007853397526554548 0.007853397526554548
2.499379385224323791 0.007724939383784492 0.007724939383784492
2.509969975839680956 0.007628551767338783 0.007628551767338783
2.520560566455038121 0.007560716259301914 0.007560716259301914
2.531151157070395730 0.007518090789227583 0.007518090789227583
2.541741747685752895 0.007497510861760131 0.007497510861760131
2.552332338301110060 0.007495989336163330 0.007495989336163330
2.562922928916467669 0.007510714973517570 0.007510714973517570
2.573513519531824834 0.007539049954084305 0.007539049954084305
2.584104110147181999 0.007578526552256297 0.007578526552256297
2.594694700762539608 0.007626843140129231 0.007626843140129231
2.605285291377896773 0.007681859673524602 0.007681859673524602
2.615875881993253937 0.007741592796703277 0.007741592796703277
2.626466472608611546 0.007804210684425762 0.007804210684425762
2.637057063223968711 0.007868027722783199 0.007868027722783199
2.647647653839325876 0.007931499113636253 0.007931499113636253
2.658238244454683041 0.007993215471802043 0.007993215471802043
2.668828835070040650 0.008051897469518813 0.008051897469518813
2.679419425685397815 0.008106390569343301 0.008106390569343301
2.690010016300754980 0.008155659874603649 0.008155659874603649
2.700600606916112589 0.008198785115906460 0.008198785115906460
2.711191197531469754 0.008234955783009850 0.008234955783009850
2.721781788146826919 0.008263466403621626 0.008263466403621626
2.732372378762184528 0.008283711964331126 0.008283711964331126
2.742962969377541693 0.008295183463878810 0.008295183463878810
2.753553559992898858 0.008297463585233415 0.008297463585233415
2.764144150608256467 0.008290222470390031 0.008290222470390031
2.774734741223613632 0.008273213580319273 0.008273213580319273
2.785325331838970797 0.008246269621974951 0.008246269621974951
2.795915922454327962 0.008209298524586191 0.008209298524586191
2.806506513069685571 0.008162279448499003 0.008162279448499003
2.817097103685042736 0.008105258811470333 0.008105258811470333
2.827687694300399901 0.008038346319436125 0.008038346319436125
2.838278284915757510 0.007961710991259410 0.007961710991259410
2.848868875531114675 0.007875577169705952 0.007875577169705952
2.859459466146471840 0.007780220513792422 0.007780220513792422
2.870050056761829449 0.007675963970612559 0.007675963970612559
2.880640647377186614 0.007563173727685352 0.007563173727685352
2.891231237992543779 0.007442255149712128 0.007442255149712128
2.901821828607901388 0.007313648706311578 0.007313648706311578
2.912412419223258553 0.007177825899767737 0.007177825899767737
2.923003009838615718 0.007035285204031493 0.007035285204031493
2.933593600453973327 0.006886548028125408 0.006886548028125408
2.944184191069330492 0.006732154718688329 0.006732154718688329
2.954774781684687657 0.006572660617643046 0.006572660617643046
2.965365372300045266 0.006408632191868446 0.006408632191868446
2.975955962915402431 0.006240643252304616 0.006240643252304616
2.986546553530759596 0.006069271280121683 0.006069271280121683
2.997137144146116761 0.005895093877451993 0.005895093877451993
3.007727734761474370 0.005718685359737117 0.005718685359737117
3.018318325376831535 0.005540613505999117 0.005540613505999117
3.028908915992188700 0.005361436482333763 0.005361436482333763
3.039499506607546309 0.005181699952672438 0.005181699952672438
3.050090097222903474 0.005001934389399141 0.005001934389399141
3.060680687838260639 0.004822652594773516 0.004822652594773516
3.071271278453618248 0.004644347442333891 0.004644347442333891
3.081861869068975412 0.004467489845570092 0.004467489845570092
3.092452459684332577 0.004292526959199026 0.004292526959199026
3.103043050299690186 0.004119880616380221 0.004119880616380221
3.113633640915047351 0.003949946003205262 0.003949946003205262
3.124224231530404516 0.003783090569815580 0.003783090569815580
3.134814822145761681 0.003619653175575548 0.003619653175575548
3.145405412761119290 0.003459943463877819 0.003459943463877819
3.155996003376476455 0.003304241460409268 0.003304241460409268
3.166586593991833620 0.003152797387078574 0.003152797387078574
3.177177184607191229 0.003005831682318305 0.003005831682318305
3.187767775222548394 0.002863535217138891 0.002863535217138891
3.198358365837905559 0.002726069695140718 0.002726069695140718
3.208948956453263168 0.002593568223691725 0.002593568223691725
3.219539547068620333 0.002466136042655708 0.002466136042655708
3.230130137683977498 0.002343851396413578 0.002343851396413578
3.240720728299335107 0.002226766534455236 0.002226766534455236
3.251311318914692272 0.002114908825529771 0.002114908825529771
3.261901909530049437 0.002008281970221096 0.002008281970221096
3.272492500145407046 0.001906867296856997 0.001906867296856997
3.283083090760764211 0.001810625125852013 0.001810625125852013
3.293673681376121376 0.001719496187917539 0.001719496187917539
3.304264271991478985 0.001633403082033733 0.001633403082033733
3.314854862606836150 0.001552251759653160 0.001552251759653160
3.325445453222193315 0.001475933022281916 0.001475933022281916
3.336036043837550480 0.001404324020345360 0.001404324020345360
3.346626634452908089 0.001337289742077449 0.001337289742077449
3.357217225068265254 0.001274684482060602 0.001274684482060602
3.367807815683622419 0.001216353279972035 0.001216353279972035
3.378398406298980028 0.001162133321048924 0.001162133321048924
3.388988996914337193 0.001111855290754827 0.001111855290754827
3.399579587529694358 0.001065344677101098 0.001065344677101098
3.410170178145051967 0.001022423015038005 0.001022423015038005
3.420760768760409132 0.000982909068270094 0.000982909068270094
3.431351359375766297 0.000946619944759683 0.000946619944759683
3.441941949991123906 0.000913372143053118 0.000913372143053118
3.452532540606481071 0.000882982527389160 0.000882982527389160
3.463123131221838236 0.000855269230322093 0.000855269230322093
3.473713721837195401 0.000830052482309088 0.000830052482309088
3.484304312452553010 0.000807155368368562 0.000807155368368562
3.494894903067910175 0.000786404512511507 0.000786404512511507
3.505485493683267340 0.000767630691179660 0.000767630691179660
3.516076084298624949 0.000750669377392854 0.000750669377392854
3.526666674913982114 0.000735361217713344 0.000735361217713344
3.537257265529339278 0.000721552444479010 0.000721552444479010
3.547847856144696888 0.000709095226042097 0.000709095226042097
3.558438446760054052 0.000697847957978443 0.000697847957978443
3.569029037375411217 0.000687675498407131 0.000687675498407131
3.579619627990768826 0.000678449350686003 0.000678449350686003
3.590210218606125991 0.000670047796828341 0.000670047796828341
3.600800809221483156 0.000662355985024562 0.000662355985024562
3.611391399836840765 0.000655265974654258 0.000655265974654258
3.621981990452197930 0.000648676742142767 0.000648676742142767
3.632572581067555095 0.000642494150956975 0.000642494150956975
3.643163171682912704 0.000636630888951475 0.000636630888951475
3.653753762298269869 0.000631006376172747 0.000631006376172747
3.664344352913627034 0.000625546646109344 0.000625546646109344
3.674934943528984199 0.000620184203244070 0.000620184203244070
3.685525534144341808 0.000614857859622955 0.000614857859622955
3.696116124759698973 0.000609512553008737 0.000609512553008737
3.706706715375056138 0.000604099149036081 0.000604099149036081
3.717297305990413747 0.000598574229634588 0.000598574229634588
3.727887896605770912 0.000592899869835582 0.000592899869835582
3.738478487221128077 0.000587043404931740 0.000587043404931740
3.749069077836485686 0.000580977189816118 0.000580977189816118
3.759659668451842851 0.000574678352190304 0.000574678352190304
3.770250259067200016 0.000568128541201110 0.000568128541201110
3.780840849682557625 0.000561313672942061 0.000561313672942061
3.791431440297914790 0.000554223674140280 0.000554223674140280
3.802022030913271955 0.000546852225241411 0.000546852225241411
3.812612621528629120 0.000539196504004986 0.000539196504004986
3.823203212143986729 0.000531256930629807 0.000531256930629807
3.833793802759343894 0.000523036915343392 0.000523036915343392
3.844384393374701059 0.000514542609310673 0.000514542609310673
3.854974983990058668 0.000505782659644651 0.000505782659644651
3.865565574605415833 0.000496767969234875 0.000496767969234875
3.876156165220772998 0.000487511462047969 0.000487511462047969
3.886746755836130607 0.000478027854497261 0.000478027854497261
3.897337346451487772 0.000468333433425353 0.000468333433425353
3.907927937066844937 0.000458445841193562 0.000458445841193562
3.918518527682202546 0.000448383868325003 0.000448383868325003
3.929109118297559711 0.000438167254103225 0.000438167254103225
3.939699708912916876 0.000427816495485138 0.000427816495485138
3.950290299528274485 0.000417352664645244 0.000417352664645244
3.960880890143631650 0.000406797235427411 0.000406797235427411
3.971471480758988815 0.000396171918940367 0.000396171918940367
3.982062071374346424 0.000385498508493585 0.000385498508493585
3.992652661989703589 0.000374798734030958 0.000374798734030958
4.003243252605060754 0.000364094126180700 0.000364094126180700
4.013833843220417918 0.000353405890001092 0.000353405890001092
4.024424433835775083 0.000342754788463096 0.000342754788463096
4.035015024451133137 0.000332161035672482 0.000332161035672482
4.045605615066490302 0.000321644199796163 0.000321644199796163
4.056196205681847466 0.000311223115619903 0.000311223115619903
4.066786796297204631 0.000300915806627788 0.000300915806627788
4.077377386912561796 0.000290739416457847 0.000290739416457847
4.087967977527918961 0.000280710149553339 0.000280710149553339
4.098558568143276126 0.000270843220795618 0.000270843220795618
4.109149158758634179 0.000261152813872368 0.000261152813872368
4.119739749373991344 0.000251652048104633 0.000251652048104633
4.130330339989348509 0.000242352953427621 0.000242352953427621
4.140920930604705674 0.000233266453193960 0.000233266453193960
4.151511521220062839 0.000224402354444057 0.000224402354444057
4.162102111835420004 0.000215769345266733 0.000215769345266733
4.172692702450778057 0.000207374998854353 0.000207374998854353
4.183283293066135222 0.000199225783840510 0.000199225783840510
4.193873883681492387 0.000191327080494919 0.000191327080494919
4.204464474296849552 0.000183683202339670 0.000183683202339670
4.215055064912206717 0.000176297422743322 0.000176297422743322
4.225645655527563882 0.000169172006044583 0.000169172006044583
4.236236246142921047 0.000162308242755390 0.000162308242755390
4.246826836758279100 0.000155706488394076 0.000155706488394076
4.257417427373636265 0.000149366205502882 0.000149366205502882
4.268008017988993430 0.000143286008410213 0.000143286008410213
4.278598608604350595 0.000137463710306668 0.000137463710306668
4.289189199219707760 0.000131896372214769 0.000131896372214769
4.299779789835064925 0.000126580353445341 0.000126580353445341
4.310370380450422978 0.000121511363148507 0.000121511363148507
4.320960971065780143 0.000116684512583964 0.000116684512583964
4.331551561681137308 0.000112094367753510 0.000112094367753510
4.342142152296494473 0.000107735002058378 0.000107735002058378
4.352732742911851638 0.000103600048664670 0.000103600048664670
4.363323333527208803 0.000099682752281823 0.000099682752281823
4.373913924142566856 0.000095976020081334 0.000095976020081334
4.384504514757924021 0.000092472471505814 0.000092472471505814
4.395095105373281186 0.000089164486741487 0.000089164486741487
4.405685695988638351 0.000086044253650447 0.000086044253650447
4.416276286603995516 0.000083103812982049 0.000083103812982049
4.426866877219352681 0.000080335101705632 0.000080335101705632
4.437457467834709846 0.000077729994329121 0.000077729994329121
4.448048058450067899 0.000075280342089900 0.000075280342089900
4.458638649065425064 0.000072978009925430 0.000072978009925430
4.469229239680782229 0.000070814911151365 0.000070814911151365
4.479819830296139394 0.000068783039794311 0.000068783039794311
4.490410420911496558 0.000066874500544705 0.000066874500544705
4.501001011526853723 0.000065081536312589 0.000065081536312589
4.511591602142211777 0.000063396553385219 0.000063396553385219
4.522182192757568941 0.000061812144200400 0.000061812144200400
4.532772783372926106 0.000060321107763273 0.000060321107763273
4.543363373988283271 0.000058916467746800 0.000058916467746800
4.553953964603640436 0.000057591488327584 0.000057591488327584
4.564544555218997601 0.000056339687818797 0.000056339687818797
4.575135145834355654 0.000055154850170960 0.000055154850170960
4.585725736449712819 0.000054031034419103 0.000054031034419103
4.596316327065069984 0.000052962582161540 0.000052962582161540
4.606906917680427149 0.000051944123161055 0.000051944123161055
4.617497508295784314 0.000050970579163908 0.000050970579163908
4.628088098911141479 0.000050037166035600 0.000050037166035600
4.638678689526498644 0.000049139394315053 0.000049139394315053
4.649269280141856697 0.000048273068290628 0.000048273068290628
4.659859870757213862 0.000047434283702430 0.000047434283702430
4.670450461372571027 0.000046619424175605 0.000046619424175605
4.681041051987928192 0.000045825156488933 0.000045825156488933
4.691631642603285357 0.000045048424782005 0.000045048424782005
4.702222233218642522 0.000044286443802717 0.000044286443802717
4.712812823834000575 0.000043536691294745 0.000043536691294745
4.723403414449357740 0.000042796899622202 0.000042796899622202
4.733994005064714905 0.000042065046725827 0.000042065046725827
4.744584595680072070 0.000041339346501857 0.000041339346501857
4.755175186295429235 0.000040618238691321 0.000040618238691321
4.765765776910786400 0.000039900378363815 0.000039900378363815
4.776356367526143565 0.000039184625075958 0.000039184625075958
4.786946958141501618 0.000038470031780769 0.000038470031780769
4.797537548756858783 0.000037755833560103 0.000037755833560103
4.808128139372215948 0.000037041436248126 0.000037041436248126
4.818718729987573113 0.000036326405009627 0.000036326405009627
4.829309320602930278 0.000035610452932758 0.000035610452932758
4.839899911218287443 0.000034893429691591 0.000034893429691591
4.850490501833645496 0.000034175310329750 0.000034175310329750
4.861081092449002661 0.000033456184212251 0.000033456184212251
4.871671683064359826 0.000032736244188681 0.000032736244188681
4.882262273679716991 0.000032015776006863 0.000032015776006863
4.892852864295074156 0.000031295148012350 0.000031295148012350
4.903443454910431321 0.000030574801165326 0.000030574801165326
4.914034045525788486 0.000029855239402849 0.000029855239402849
4.924624636141146539 0.000029137020370921 0.000029137020370921
4.935215226756503704 0.000028420746547428 0.000028420746547428
4.945805817371860869 0.000027707056773804 0.000027707056773804
4.956396407987218033 0.000026996618210141 0.000026996618210141
4.966986998602575198 0.000026290118725495 0.000026290118725495
4.977577589217932363 0.000025588259732336 0.000025588259732336
4.988168179833290417 0.000024891749471366 0.000024891749471366
4.998758770448647581 0.000024201296750431 0.000024201296750431
5.009349361064004746 0.000023517605138815 0.000023517605138815
5.019939951679361911 0.000022841367615970 0.000022841367615970
5.030530542294719076 0.000022173261671621 0.000022173261671621
5.041121132910076241 0.000021513944852186 0.000021513944852186
5.051711723525434294 0.000020864050746679 0.000020864050746679
5.062302314140791459 0.000020224185403489 0.000020224185403489
5.072892904756148624 0.000019594924167954 0.000019594924167954
5.083483495371505789 0.000018976808929185 0.000018976808929185
5.094074085986862954 0.000018370345763315 0.000018370345763315
5.104664676602220119 0.000017776002959221 0.000017776002959221
5.115255267217577284 0.000017194209411720 0.000017194209411720
5.125845857832935337 0.000016625353366372 0.000016625353366372
5.136436448448292502 0.000016069781499224 0.000016069781499224
5.147027039063649667 0.000015527798314212 0.000015527798314212
5.157617629679006832 0.000014999665840392 0.000014999665840392
5.168208220294363997 0.000014485603610769 0.000014485603610769
5.178798810909721162 0.000013985788904169 0.000013985788904169
5.189389401525079215 0.000013500357231425 0.000013500357231425
5.199979992140436380 0.000013029403047055 0.000013029403047055
5.210570582755793545 0.000012572980667584 0.000012572980667584
5.221161173371150710 0.000012131105377798 0.000012131105377798
5.231751763986507875 0.000011703754706379 0.000011703754706379
5.242342354601865040 0.000011290869852644 0.000011290869852644
5.252932945217223093 0.000010892357246456 0.000010892357246456
5.263523535832580258 0.000010508090223799 0.000010508090223799
5.274114126447937423 0.000010137910800982 0.000010137910800982
5.284704717063294588 0.000009781631530981 0.000009781631530981
5.295295307678651753 0.000009439037426043 0.000009439037426043
5.305885898294008918 0.000009109887931299 0.000009109887931299
5.316476488909366083 0.000008793918934837 0.000008793918934837
5.327067079524724136 0.000008490844800412 0.000008490844800412
5.337657670140081301 0.000008200360409717 0.000008200360409717
5.348248260755438466 0.000007922143201932 0.000007922143201932
5.358838851370795631 0.000007655855199062 0.000007655855199062
5.369429441986152796 0.000007401145006397 0.000007401145006397
5.380020032601509961 0.000007157649778239 0.000007157649778239
5.390610623216868014 0.000006924997139889 0.000006924997139889
5.401201213832225179 0.000006702807057684 0.000006702807057684
5.411791804447582344 0.000006490693649736 0.000006490693649736
5.422382395062939509 0.000006288266930779 0.000006288266930779
5.432972985678296673 0.000006095134485396 0.000006095134485396
5.443563576293653838 0.000005910903064599 0.000005910903064599
5.454154166909011003 0.000005735180101568 0.000005735180101568
5.464744757524369057 0.000005567575143022 0.000005567575143022
5.475335348139726221 0.000005407701193445 0.000005407701193445
5.485925938755083386 0.000005255175970042 0.000005255175970042
5.496516529370440551 0.000005109623066959 0.000005109623066959
5.507107119985797716 0.000004970673027887 0.000004970673027887
5.517697710601154881 0.000004837964326784 0.000004837964326784
5.528288301216512934 0.000004711144256938 0.000004711144256938
5.538878891831870099 0.000004589869729148 0.000004589869729148
5.549469482447227264 0.000004473807980226 0.000004473807980226
5.560060073062584429 0.000004362637193455 0.000004362637193455
5.570650663677941594 0.000004256047033058 0.000004256047033058
5.581241254293298759 0.000004153739095034 0.000004153739095034
5.591831844908655924 0.000004055427277078 0.000004055427277078
5.602422435524013977 0.000003960838070537 0.000003960838070537
5.613013026139371142 0.000003869710777636 0.000003869710777636
5.623603616754728307 0.000003781797657385 0.000003781797657385
5.634194207370085472 0.000003696864003759 0.000003696864003759
5.644784797985442637 0.000003614688159893 0.000003614688159893
5.655375388600799802 0.000003535061472129 0.000003535061472129
5.665965979216157855 0.000003457788187851 0.000003457788187851
5.676556569831515020 0.000003382685301074 0.000003382685301074
5.687147160446872185 0.000003309582349802 0.000003309582349802
5.697737751062229350 0.000003238321169166 0.000003238321169166
5.708328341677586515 0.000003168755604310 0.000003168755604310
5.718918932292943680 0.000003100751186999 0.000003100751186999
5.729509522908301733 0.000003034184779813 0.000003034184779813
5.740100113523658898 0.000002968944191744 0.000002968944191744
5.750690704139016063 0.000002904927768912 0.000002904927768912
5.761281294754373228 0.000002842043963994 0.000002842043963994
5.771871885369730393 0.000002780210887870 0.000002780210887870
5.782462475985087558 0.000002719355846820 0.000002719355846820
5.793053066600444723 0.000002659414868498 0.000002659414868498
5.803643657215802776 0.000002600332219744 0.000002600332219744
5.814234247831159941 0.000002542059919137 0.000002542059919137
5.824824838446517106 0.000002484557247040 0.000002484557247040
5.835415429061874271 0.000002427790255726 0.000002427790255726
5.846006019677231436 0.000002371731281988 0.000002371731281988
5.856596610292588601 0.000002316358464489 0.000002316358464489
5.867187200907946654 0.000002261655267925 0.000002261655267925
5.877777791523303819 0.000002207610015909 0.000002207610015909
5.888368382138660984 0.000002154215434319 0.000002154215434319
5.898958972754018149 0.000002101468206667 0.000002101468206667
5.909549563369375313 0.000002049368542926 0.000002049368542926
5.920140153984732478 0.000001997919763041 0.000001997919763041
5.930730744600090532 0.000001947127896226 0.000001947127896226
5.941321335215447696 0.000001897001296993 0.000001897001296993
5.951911925830804861 0.000001847550278712 0.000001847550278712
5.962502516446162026 0.000001798786765341 0.000001798786765341
5.973093107061519191 0.000001750723961879 0.000001750723961879
5.983683697676876356 0.000001703376043894 0.000001703376043894
5.994274288292233521 0.000001656757866438 0.000001656757866438
6.004864878907591574 0.000001610884692473 0.000001610884692473
6.015455469522948739 0.000001565771940869 0.000001565771940869
6.026046060138305904 0.000001521434953910 0.000001521434953910
6.036636650753663069 0.000001477888784168 0.000001477888784168
6.047227241369020234 0.000001435148000491 0.000001435148000491
6.057817831984377399 0.000001393226512794 0.000001393226512794
6.068408422599735452 0.000001352137415249 0.000001352137415249
6.078999013215092617 0.000001311892847421 0.000001311892847421
6.089589603830449782 0.000001272503872813 0.000001272503872813
6.100180194445806947 0.000001233980374257 0.000001233980374257
6.110770785061164112 0.000001196330965501 0.000001196330965501
6.121361375676521277 0.000001159562918348 0.000001159562918348
6.131951966291878442 0.000001123682104622 0.000001123682104622
6.142542556907236495 0.000001088692952244 0.000001088692952244
6.153133147522593660 0.000001054598414636 0.000001054598414636
6.163723738137950825 0.000001021399952704 0.000001021399952704
6.174314328753307990 0.000000989097528585 0.000000989097528585
6.184904919368665155 0.000000957689610364 0.000000957689610364
6.195495509984022320 0.000000927173186970 0.000000927173186970
6.206086100599380373 0.000000897543792418 0.000000897543792418
6.216676691214737538 0.000000868795538632 0.000000868795538632
6.227267281830094703 0.000000840921156029 0.000000840921156029
6.237857872445451868 0.000000813912041092 0.000000813912041092
6.248448463060809033 0.000000787758310179 0.000000787758310179
6.259039053676166198 0.000000762448858800 0.000000762448858800
6.269629644291523363 0.000000737971425651 0.000000737971425651
6.280220234906881416 0.000000714312660697 0.000000714312660697
6.290810825522238581 0.000000691458196620 0.000000691458196620
6.301401416137595746 0.000000669392722989 0.000000669392722989
6.311992006752952911 0.000000648100062525 0.000000648100062525
6.322582597368310076 0.000000627563248870 0.000000627563248870
6.333173187983667241 0.000000607764605301 0.000000607764605301
6.343763778599025294 0.000000588685823854 0.000000588685823854
6.354354369214382459 0.000000570308044373 0.000000570308044373
6.364944959829739624 0.000000552611933016 0.000000552611933016
6.375535550445096789 0.000000535577759787 0.000000535577759787
6.386126141060453953 0.000000519185474704 0.000000519185474704
6.396716731675811118 0.000000503414782249 0.000000503414782249
6.407307322291169172 0.000000488245213759 0.000000488245213759
6.417897912906526336 0.000000473656197474 0.000000473656197474
6.428488503521883501 0.000000459627125979 0.000000459627125979
6.439079094137240666 0.000000446137420810 0.000000446137420810
6.449669684752597831 0.000000433166594028 0.000000433166594028
6.460260275367954996 0.000000420694306586 0.000000420694306586
6.470850865983312161 0.000000408700423359 0.000000408700423359
6.481441456598670214 0.000000397165064715 0.000000397165064715
6.492032047214027379 0.000000386068654555 0.000000386068654555
6.502622637829384544 0.000000375391964750 0.000000375391964750
6.513213228444741709 0.000000365116155947 0.000000365116155947
6.523803819060098874 0.000000355222814726 0.000000355222814726
6.534394409675456039 0.000000345693987124 0.000000345693987124
6.544985000290814092 0.000000336512208547 0.000000336512208547
6.555575590906171257 0.000000327660530114 0.000000327660530114
6.566166181521528422 0.000000319122541513 0.000000319122541513
6.576756772136885587 0.000000310882390424 0.000000310882390424
6.587347362752242752 0.000000302924798619 0.000000302924798619
6.597937953367599917 0.000000295235074840 0.000000295235074840
6.608528543982957970 0.000000287799124567 0.000000287799124567
6.619119134598315135 0.000000280603456808 0.000000280603456808
6.629709725213672300 0.000000273635188042 0.000000273635188042
6.640300315829029465 0.000000266882043459 0.000000266882043459
6.650890906444386630 0.000000260332355639 0.000000260332355639
6.661481497059743795 0.000000253975060835 0.000000253975060835
6.672072087675100960 0.000000247799693001 0.000000247799693001
6.682662678290459013 0.000000241796375730 0.000000241796375730
6.693253268905816178 0.000000235955812268 0.000000235955812268
6.703843859521173343 0.000000230269273747 0.000000230269273747
6.714434450136530508 0.000000224728585820 0.000000224728585820
6.725025040751887673 0.000000219326113836 0.000000219326113836
6.735615631367244838 0.000000214054746719 0.000000214054746719
6.746206221982602891 0.000000208907879712 0.000000208907879712
6.756796812597960056 0.000000203879396119 0.000000203879396119
6.767387403213317221 0.000000198963648213 0.000000198963648213
6.777977993828674386 0.000000194155437427 0.000000194155437427
6.788568584444031551 0.000000189449993985 0.000000189449993985
6.799159175059388716 0.000000184842956093 0.000000184842956093
6.809749765674745881 0.000000180330348822 0.000000180330348822
6.820340356290103934 0.000000175908562788 0.000000175908562788
6.830930946905461099 0.000000171574332764 0.000000171574332764
6.841521537520818264 0.000000167324716306 0.000000167324716306
6.852112128136175428 0.000000163157072514 0.000000163157072514
6.862702718751532593 0.000000159069041002 0.000000159069041002
6.873293309366889758 0.000000155058521176 0.000000155058521176
6.883883899982247812 0.000000151123651892 0.000000151123651892
6.894474490597604976 0.000000147262791568 0.000000147262791568
6.905065081212962141 0.000000143474498815 0.000000143474498815
6.915655671828319306 0.000000139757513645 0.000000139757513645
6.926246262443676471 0.000000136110739308 0.000000136110739308
6.936836853059033636 0.000000132533224802 0.000000132533224802
6.947427443674390801 0.000000129024148100 0.000000129024148100
6.958018034289748854 0.000000125582800121 0.000000125582800121
6.968608624905106019 0.000000122208569474 0.000000122208569474
6.979199215520463184 0.000000118900927997 0.000000118900927997
6.989789806135820349 0.000000115659417113 0.000000115659417113
7.000380396751177514 0.000000112483634998 0.000000112483634998
7.010970987366534679 0.000000109373224588 0.000000109373224588
7.021561577981892732 0.000000106327862412 0.000000106327862412
7.032152168597249897 0.000000103347248250 0.000000103347248250
7.042742759212607062 0.000000100431095613 0.000000100431095613
7.053333349827964227 0.000000097579123042 0.000000097579123042
7.063923940443321392 0.000000094791046188 0.000000094791046188
7.074514531058678557 0.000000092066570689 0.000000092066570689
7.085105121674036610 0.000000089405385792 0.000000089405385792
7.095695712289393775 0.000000086807158723 0.000000086807158723
7.106286302904750940 0.000000084271529767 0.000000084271529767
7.116876893520108105 0.000000081798108035 0.000000081798108035
7.127467484135465270 0.000000079386467888 0.000000079386467888
7.138058074750822435 0.000000077036145990 0.000000077036145990
7.148648665366179600 0.000000074746638962 0.000000074746638962
7.159239255981537653 0.000000072517401597 0.000000072517401597
7.169829846596894818 0.000000070347845609 0.000000070347845609
7.180420437212251983 0.000000068237338884 0.000000068237338884
7.191011027827609148 0.000000066185205193 0.000000066185205193
7.201601618442966313 0.000000064190724342 0.000000064190724342
7.212192209058323478 0.000000062253132711 0.000000062253132711
7.222782799673681531 0.000000060371624173 0.000000060371624173
7.233373390289038696 0.000000058545351326 0.000000058545351326
7.243963980904395861 0.000000056773427040 0.000000056773427040
7.254554571519753026 0.000000055054926262 0.000000055054926262
7.265145162135110191 0.000000053388888057 0.000000053388888057
7.275735752750467356 0.000000051774317860 0.000000051774317860
7.286326343365825409 0.000000050210189899 0.000000050210189899
7.296916933981182574 0.000000048695449765 0.000000048695449765
7.307507524596539739 0.000000047229017107 0.000000047229017107
7.318098115211896904 0.000000045809788422 0.000000045809788422
7.328688705827254068 0.000000044436639906 0.000000044436639906
7.339279296442611233 0.000000043108430367 0.000000043108430367
7.349869887057968398 0.000000041824004151 0.000000041824004151
7.360460477673326452 0.000000040582194074 0.000000040582194074
7.371051068288683616 0.000000039381824348 0.000000039381824348
7.381641658904040781 0.000000038221713463 0.000000038221713463
7.392232249519397946 0.000000037100677028 0.000000037100677028
7.402822840134755111 0.000000036017530548 0.000000036017530548
7.413413430750112276 0.000000034971092117 0.000000034971092117
7.424004021365470329 0.000000033960185031 0.000000033960185031
7.434594611980827494 0.000000032983640295 0.000000032983640295
7.445185202596184659 0.000000032040299022 0.000000032040299022
7.455775793211541824 0.000000031129014714 0.000000031129014714
7.466366383826898989 0.000000030248655416 0.000000030248655416
7.476956974442256154 0.000000029398105744 0.000000029398105744
7.487547565057613319 0.000000028576268773 0.000000028576268773
7.498138155672971372 0.000000027782067788 0.000000027782067788
7.508728746288328537 0.000000027014447894 0.000000027014447894
7.519319336903685702 0.000000026272377480 0.000000026272377480
7.529909927519042867 0.000000025554849545 0.000000025554849545
7.540500518134400032 0.000000024860882870 0.000000024860882870
7.551091108749757197 0.000000024189523060 0.000000024189523060
7.561681699365115250 0.000000023539843439 0.000000023539843439
7.572272289980472415 0.000000022910945801 0.000000022910945801
7.582862880595829580 0.000000022301961039 0.000000022301961039
7.593453471211186745 0.000000021712049631 0.000000021712049631
7.604044061826543910 0.000000021140402004 0.000000021140402004
7.614634652441901075 0.000000020586238771 0.000000020586238771
7.625225243057258240 0.000000020048810860 0.000000020048810860
7.635815833672616293 0.000000019527399517 0.000000019527399517
7.646406424287973458 0.000000019021316214 0.000000019021316214
7.656997014903330623 0.000000018529902449 0.000000018529902449
7.667587605518687788 0.000000018052529454 0.000000018052529454
7.678178196134044953 0.000000017588597816 0.000000017588597816
7.688768786749402118 0.000000017137537016 0.000000017137537016
7.699359377364760171 0.000000016698804884 0.000000016698804884
7.709949967980117336 0.000000016271887002 0.000000016271887002
7.720540558595474501 0.000000015856296025 0.000000015856296025
7.731131149210831666 0.000000015451570961 0.000000015451570961
7.741721739826188831 0.000000015057276392 0.000000015057276392
7.752312330441545996 0.000000014673001655 0.000000014673001655
7.762902921056904049 0.000000014298359984 0.000000014298359984
7.773493511672261214 0.000000013932987620 0.000000013932987620
7.784084102287618379 0.000000013576542895 0.000000013576542895
7.794674692902975544 0.000000013228705299 0.000000013228705299
7.805265283518332708 0.000000012889174524 0.000000012889174524
7.815855874133689873 0.000000012557669506 0.000000012557669506
7.826446464749047038 0.000000012233927452 0.000000012233927452
7.837037055364405091 0.000000011917702878 0.000000011917702878
7.847627645979762256 0.000000011608766643 0.000000011608766643
7.858218236595119421 0.000000011306904986 0.000000011306904986
7.868808827210476586 0.000000011011918588 0.000000011011918588
7.879399417825833751 0.000000010723621633 0.000000010723621633
7.889990008441190916 0.000000010441840898 0.000000010441840898
7.900580599056548969 0.000000010166414860 0.000000010166414860
7.911171189671906134 0.000000009897192823 0.000000009897192823
7.921761780287263299 0.000000009634034078 0.000000009634034078
7.932352370902620464 0.000000009376807082 0.000000009376807082
7.942942961517977629 0.000000009125388676 0.000000009125388676
7.953533552133334794 0.000000008879663325 0.000000008879663325
7.964124142748692847 0.000000008639522397 0.000000008639522397
7.974714733364050012 0.000000008404863471 0.000000008404863471
7.985305323979407177 0.000000008175589687 0.000000008175589687
7.995895914594764342 0.000000007951609119 0.000000007951609119
8.006486505210121507 0.000000007732834194 0.000000007732834194
8.017077095825479560 0.000000007519181142 0.000000007519181142
8.027667686440835837 0.000000007310569482 0.000000007310569482
8.038258277056193890 0.000000007106921546 0.000000007106921546
8.048848867671550167 0.000000006908162032 0.000000006908162032
8.059439458286908220 0.000000006714217600 0.000000006714217600
8.070030048902266273 0.000000006525016495 0.000000006525016495
8.080620639517622550 0.000000006340488211 0.000000006340488211
8.091211230132980603 0.000000006160563178 0.000000006160563178
8.101801820748336880 0.000000005985172487 0.000000005985172487
8.112392411363694933 0.000000005814247648 0.000000005814247648
8.122983001979051210 0.000000005647720370 0.000000005647720370
8.133573592594409263 0.000000005485522372 0.000000005485522372
8.144164183209767316 0.000000005327585228 0.000000005327585228
8.154754773825123593 0.000000005173840225 0.000000005173840225
8.165345364440481646 0.000000005024218256 0.000000005024218256
8.175935955055837923 0.000000004878649731 0.000000004878649731
8.186526545671195976 0.000000004737064510 0.000000004737064510
8.197117136286552252 0.000000004599391858 0.000000004599391858
8.207707726901910306 0.000000004465560417 0.000000004465560417
8.218298317517268359 0.000000004335498196 0.000000004335498196
8.228888908132624636 0.000000004209132575 0.000000004209132575
8.239479498747982689 0.000000004086390327 0.000000004086390327
8.250070089363338965 0.000000003967197652 0.000000003967197652
8.260660679978697019 0.000000003851480219 0.000000003851480219
8.271251270594055072 0.000000003739163226 0.000000003739163226
8.281841861209411348 0.000000003630171461 0.000000003630171461
8.292432451824769402 0.000000003524429377 0.000000003524429377
8.303023042440125678 0.000000003421861171 0.000000003421861171
8.313613633055483731 0.000000003322390869 0.000000003322390869
8.324204223670840008 0.000000003225942416 0.000000003225942416
8.334794814286198061 0.000000003132439773 0.000000003132439773
8.345385404901556115 0.000000003041807005 0.000000003041807005
8.355975995516912391 0.000000002953968388 0.000000002953968388
8.366566586132270444 0.000000002868848501 0.000000002868848501
8.377157176747626721 0.000000002786372327 0.000000002786372327
8.387747767362984774 0.000000002706465353 0.000000002706465353
8.398338357978341051 0.000000002629053659 0.000000002629053659
8.408928948593699104 0.000000002554064023 0.000000002554064023
8.419519539209057157 0.000000002481424003 0.000000002481424003
8.430110129824413434 0.000000002411062031 0.000000002411062031
8.440700720439771487 0.000000002342907496 0.000000002342907496
8.451291311055127764 0.000000002276890826 0.000000002276890826
8.461881901670485817 0.000000002212943563 0.000000002212943563
8.472472492285842094 0.000000002150998437 0.000000002150998437
8.483063082901200147 0.000000002090989430 0.000000002090989430
8.493653673516558200 0.000000002032851840 0.000000002032851840
8.504244264131914477 0.000000001976522339 0.000000001976522339
8.514834854747272530 0.000000001921939019 0.000000001921939019
8.525425445362628807 0.000000001869041443 0.000000001869041443
8.536016035977986860 0.000000001817770684 0.000000001817770684
8.546606626593344913 0.000000001768069357 0.000000001768069357
8.557197217208701190 0.000000001719881650 0.000000001719881650
8.567787807824059243 0.000000001673153349 0.000000001673153349
8.578378398439415520 0.000000001627831855 0.000000001627831855
8.588968989054773573 0.000000001583866197 0.000000001583866197
8.599559579670129850 0.000000001541207041 0.000000001541207041
8.610150170285487903 0.000000001499806693 0.000000001499806693
8.620740760900845956 0.000000001459619097 0.000000001459619097
8.631331351516202233 0.000000001420599830 0.000000001420599830
8.641921942131560286 0.000000001382706093 0.000000001382706093
8.652512532746916563 0.000000001345896692 0.000000001345896692
8.663103123362274616 0.000000001310132024 0.000000001310132024
8.673693713977630892 0.000000001275374055 0.000000001275374055
8.684284304592988946 0.000000001241586292 0.000000001241586292
8.694874895208346999 0.000000001208733758 0.000000001208733758
8.705465485823703276 0.000000001176782959 0.000000001176782959
8.716056076439061329 0.000000001145701850 0.000000001145701850
8.726646667054417605 0.000000001115459799 0.000000001115459799
8.737237257669775659 0.000000001086027552 0.000000001086027552
8.747827848285133712 0.000000001057377188 0.000000001057377188
8.758418438900489988 0.000000001029482082 0.000000001029482082
8.769009029515848042 0.000000001002316858 0.000000001002316858
8.779599620131204318 0.000000000975857348 0.000000000975857348
8.790190210746562371 0.000000000950080548 0.000000000950080548
8.800780801361918648 0.000000000924964568 0.000000000924964568
8.811371391977276701 0.000000000900488591 0.000000000900488591
8.821961982592634754 0.000000000876632823 0.000000000876632823
8.832552573207991031 0.000000000853378451 0.000000000853378451
8.843143163823349084 0.000000000830707591 0.000000000830707591
8.853733754438705361 0.000000000808603250 0.000000000808603250
8.864324345054063414 0.000000000787049272 0.000000000787049272
8.874914935669419691 0.000000000766030302 0.000000000766030302
8.885505526284777744 0.000000000745531734 0.000000000745531734
8.896096116900135797 0.000000000725539675 0.000000000725539675
8.906686707515492074 0.000000000706040898 0.000000000706040898
8.917277298130850127 0.000000000687022804 0.000000000687022804
8.927867888746206404 0.000000000668473380 0.000000000668473380
8.938458479361564457 0.000000000650381162 0.000000000650381162
8.949049069976922510 0.000000000632735201 0.000000000632735201
8.959639660592278787 0.000000000615525018 0.000000000615525018
8.970230251207636840 0.000000000598740581 0.000000000598740581
8.980820841822993117 0.000000000582372266 0.000000000582372266
8.991411432438351170 0.000000000566410824 0.000000000566410824
9.002002023053707447 0.000000000550847357 0.000000000550847357
9.012592613669065500 0.000000000535673288 0.000000000535673288
9.023183204284423553 0.000000000520880331 0.000000000520880331
9.033773794899779830 0.000000000506460470 0.000000000506460470
9.044364385515137883 0.000000000492405937 0.000000000492405937
9.054954976130494160 0.000000000478709183 0.000000000478709183
9.065545566745852213 0.000000000465362867 0.000000000465362867
9.076136157361208490 0.000000000452359830 0.000000000452359830
9.086726747976566543 0.000000000439693080 0.000000000439693080
9.097317338591924596 0.000000000427355779 0.000000000427355779
9.107907929207280873 0.000000000415341224 0.000000000415341224
9.118498519822638926 0.000000000403642837 0.000000000403642837
9.129089110437995203 0.000000000392254151 0.000000000392254151
9.139679701053353256 0.000000000381168802 0.000000000381168802
9.150270291668711309 0.000000000370380516 0.000000000370380516
9.160860882284067586 0.000000000359883106 0.000000000359883106
9.171451472899425639 0.000000000349670459 0.000000000349670459
9.182042063514781916 0.000000000339736532 0.000000000339736532
9.192632654130139969 0.000000000330075350 0.000000000330075350
9.203223244745496245 0.000000000320680996 0.000000000320680996
9.213813835360854299 0.000000000311547612 0.000000000311547612
9.224404425976212352 0.000000000302669395 0.000000000302669395
9.234995016591568628 0.000000000294040594 0.000000000294040594
9.245585607206926682 0.000000000285655508 0.000000000285655508
9.256176197822282958 0.000000000277508489 0.000000000277508489
9.266766788437641011 0.000000000269593939 0.000000000269593939
9.277357379052997288 0.000000000261906310 0.000000000261906310
9.287947969668355341 0.000000000254440104 0.000000000254440104
9.298538560283713394 0.000000000247189880 0.000000000247189880
9.309129150899069671 0.000000000240150246 0.000000000240150246
9.319719741514427724 0.000000000233315869 0.000000000233315869
9.330310332129784001 0.000000000226681472 0.000000000226681472
9.340900922745142054 0.000000000220241839 0.000000000220241839
9.351491513360498331 0.000000000213991816 0.000000000213991816
9.362082103975856384 0.000000000207926312 0.000000000207926312
9.372672694591214437 0.000000000202040306 0.000000000202040306
9.383263285206570714 0.000000000196328845 0.000000000196328845
9.393853875821928767 0.000000000190787047 0.000000000190787047
9.404444466437285044 0.000000000185410107 0.000000000185410107
9.415035057052643097 0.000000000180193296 0.000000000180193296
9.425625647668001150 0.000000000175131965 0.000000000175131965
9.436216238283357427 0.000000000170221547 0.000000000170221547
9.446806828898715480 0.000000000165457559 0.000000000165457559
9.457397419514071757 0.000000000160835604 0.000000000160835604
9.467988010129429810 0.000000000156351374 0.000000000156351374
9.478578600744786087 0.000000000152000651 0.000000000152000651
9.489169191360144140 0.000000000147779308 0.000000000147779308
9.499759781975502193 0.000000000143683311 0.000000000143683311
9.510350372590858470 0.000000000139708721 0.000000000139708721
9.520940963206216523 0.000000000135851694 0.000000000135851694
9.531531553821572800 0.000000000132108482 0.000000000132108482
9.542122144436930853 0.000000000128475435 0.000000000128475435
9.552712735052287130 0.000000000124948999 0.000000000124948999
9.563303325667645183 0.000000000121525718 0.000000000121525718
9.573893916283003236 0.000000000118202234 0.000000000118202234
9.584484506898359513 0.000000000114975287 0.000000000114975287
9.595075097513717566 0.000000000111841713 0.000000000111841713
9.605665688129073843 0.000000000108798445 0.000000000108798445
9.616256278744431896 0.000000000105842513 0.000000000105842513
9.626846869359789949 0.000000000102971042 0.000000000102971042
9.637437459975146226 0.000000000100181251 0.000000000100181251
9.648028050590504279 0.000000000097470452 0.000000000097470452
9.658618641205860555 0.000000000094836047 0.000000000094836047
9.669209231821218609 0.000000000092275532 0.000000000092275532
9.679799822436574885 0.000000000089786489 0.000000000089786489
9.690390413051932939 0.000000000087366587 0.000000000087366587
9.700981003667290992 0.000000000085013582 0.000000000085013582
9.711571594282647268 0.000000000082725310 0.000000000082725310
9.722162184898005322 0.000000000080499693 0.000000000080499693
9.732752775513361598 0.000000000078334727 0.000000000078334727
9.743343366128719651 0.000000000076228488 0.000000000076228488
9.753933956744075928 0.000000000074179128 0.000000000074179128
9.764524547359433981 0.000000000072184867 0.000000000072184867
9.775115137974792034 0.000000000070244001 0.000000000070244001
9.785705728590148311 0.000000000068354889 0.000000000068354889
9.796296319205506364 0.000000000066515958 0.000000000066515958
9.806886909820862641 0.000000000064725699 0.000000000064725699
9.817477500436220694 0.000000000062982661 0.000000000062982661
9.828068091051576971 0.000000000061285455 0.000000000061285455
9.838658681666935024 0.000000000059632745 0.000000000059632745
9.849249272282293077 0.000000000058023251 0.000000000058023251
9.859839862897649354 0.000000000056455743 0.000000000056455743
9.870430453513007407 0.000000000054929041 0.000000000054929041
9.881021044128363684 0.000000000053442013 0.000000000053442013
9.891611634743721737 0.000000000051993569 0.000000000051993569
9.902202225359079790 0.000000000050582665 0.000000000050582665
9.912792815974436067 0.000000000049208295 0.000000000049208295
9.923383406589794120 0.000000000047869493 0.000000000047869493
9.933973997205150397 0.000000000046565328 0.000000000046565328
9.944564587820508450 0.000000000045294905 0.000000000045294905
9.955155178435864727 0.000000000044057362 0.000000000044057362
9.965745769051222780 0.000000000042851867 0.000000000042851867
9.976336359666580833 0.000000000041677616 0.000000000041677616
9.986926950281937110 0.000000000040533836 0.000000000040533836
9.997517540897295163 0.000000000039419777 0.000000000039419777
10.008108131512651440 0.000000000038334714 0.000000000038334714
10.018698722128009493 0.000000000037277947 0.000000000037277947
10.029289312743365770 0.000000000036248796 0.000000000036248796
10.039879903358723823 0.000000000035246601 0.000000000035246601
10.050470493974081876 0.000000000034270722 0.000000000034270722
10.061061084589438153 0.000000000033320538 0.000000000033320538
10.071651675204796206 0.000000000032395443 0.000000000032395443
10.082242265820152483 0.000000000031494848 0.000000000031494848
10.092832856435510536 0.000000000030618179 0.000000000030618179
10.103423447050868589 0.000000000029764876 0.000000000029764876
10.114014037666224866 0.000000000028934393 0.000000000028934393
10.124604628281582919 0.000000000028126195 0.000000000028126195
10.135195218896939195 0.000000000027339761 0.000000000027339761
10.145785809512297249 0.000000000026574579 0.000000000026574579
10.156376400127653525 0.000000000025830149 0.000000000025830149
10.166966990743011579 0.000000000025105981 0.000000000025105981
10.177557581358369632 0.000000000024401595 0.000000000024401595
10.188148171973725908 0.000000000023716519 0.000000000023716519
10.198738762589083962 0.000000000023050291 0.000000000023050291
10.209329353204440238 0.000000000022402457 0.000000000022402457
10.219919943819798291 0.000000000021772571 0.000000000021772571
10.230510534435154568 0.000000000021160196 0.000000000021160196
10.241101125050512621 0.000000000020564902 0.000000000020564902
10.251691715665870674 0.000000000019986265 0.000000000019986265
10.262282306281226951 0.000000000019423870 0.000000000019423870
10.272872896896585004 0.000000000018877309 0.000000000018877309
10.283463487511941281 0.000000000018346181 0.000000000018346181
10.294054078127299334 0.000000000017830091 0.000000000017830091
10.304644668742657387 0.000000000017328652 0.000000000017328652
10.315235259358013664 0.000000000016841482 0.000000000016841482
10.325825849973371717 0.000000000016368208 0.000000000016368208
10.336416440588727994 0.000000000015908462 0.000000000015908462
10.347007031204086047 0.000000000015461884 0.000000000015461884
10.357597621819442324 0.000000000015028118 0.000000000015028118
10.368188212434800377 0.000000000014606817 0.000000000014606817
10.378778803050158430 0.000000000014197641 0.000000000014197641
10.389369393665514707 0.000000000013800254 0.000000000013800254
10.399959984280872760 0.000000000013414329 0.000000000013414329
10.410550574896229037 0.000000000013039544 0.000000000013039544
10.421141165511587090 0.000000000012675584 0.000000000012675584
10.431731756126943367 0.000000000012322141 0.000000000012322141
10.442322346742301420 0.000000000011978915 0.000000000011978915
10.452912937357659473 0.000000000011645608 0.000000000011645608
10.463503527973015750 0.000000000011321934 0.000000000011321934
10.474094118588373803 0.000000000011007610 0.000000000011007610
10.484684709203730080 0.000000000010702362 0.000000000010702362
10.495275299819088133 0.000000000010405920 0.000000000010405920
10.505865890434446186 0.000000000010118023 0.000000000010118023
10.516456481049802463 0.000000000009838415 0.000000000009838415
10.527047071665160516 0.000000000009566847 0.000000000009566847
10.537637662280516793 0.000000000009303076 0.000000000009303076
10.548228252895874846 0.000000000009046866 0.000000000009046866
10.558818843511231123 0.000000000008797988 0.000000000008797988
10.569409434126589176 0.000000000008556218 0.000000000008556218
10.580000024741947229 0.000000000008321339 0.000000000008321339
10.590590615357303506 0.000000000008093140 0.000000000008093140
10.601181205972661559 0.000000000007871416 0.000000000007871416
10.611771796588017835 0.000000000007655968 0.000000000007655968
10.622362387203375889 0.000000000007446604 0.000000000007446604
10.632952977818732165 0.000000000007243136 0.000000000007243136
10.643543568434090218 0.000000000007045383 0.000000000007045383
10.654134159049448272 0.000000000006853170 0.000000000006853170
10.664724749664804548 0.000000000006666326 0.000000000006666326
10.675315340280162602 0.000000000006484688 0.000000000006484688
10.685905930895518878 0.000000000006308095 0.000000000006308095
10.696496521510876931 0.000000000006136394 0.000000000006136394
10.707087112126233208 0.000000000005969437 0.000000000005969437
10.717677702741591261 0.000000000005807078 0.000000000005807078
10.728268293356949314 0.000000000005649180 0.000000000005649180
10.738858883972305591 0.000000000005495608 0.000000000005495608
10.749449474587663644 0.000000000005346232 0.000000000005346232
10.760040065203019921 0.000000000005200926 0.000000000005200926
10.770630655818377974 0.000000000005059571 0.000000000005059571
10.781221246433736027 0.000000000004922050 0.000000000004922050
10.791811837049092304 0.000000000004788249 0.000000000004788249
10.802402427664450357 0.000000000004658060 0.000000000004658060
10.812993018279806634 0.000000000004531379 0.000000000004531379
10.823583608895164687 0.000000000004408104 0.000000000004408104
10.834174199510520964 0.000000000004288138 0.000000000004288138
10.844764790125879017 0.000000000004171386 0.000000000004171386
10.855355380741237070 0.000000000004057758 0.000000000004057758
10.865945971356593347 0.000000000003947165 0.000000000003947165
