# SiPM pulse for FWHM 5ns derived from a 7ns not-smoothed template
# Developed by L. David M. Miranda from Andrii Nagai's measurements on LCT2 sensor
# time Norm. Amplitude (FWHM SiPM 5ns)
# Time [ns] - Norm. Amplitude [A.U.]
-10.10 0.00000000
-10.00 0.00000000
-9.90 0.00000000
-9.80 0.00000000
-9.70 0.00000000
-9.60 0.00000000
-9.50 0.00000000
-9.40 0.00000000
-9.30 0.00000000
-9.20 0.00000000
-9.10 0.00000000
-9.00 0.00000000
-8.90 0.00000000
-8.80 0.00000000
-8.70 0.00000000
-8.60 0.00000000
-8.50 0.00000000
-8.40 0.00000000
-8.30 0.00000000
-8.20 0.00000000
-8.10 0.00000000
-8.00 0.00000000
-7.90 0.00000000
-7.80 0.00000000
-7.70 0.00000000
-7.60 0.00000000
-7.50 0.00000000
-7.40 0.00000000
-7.30 0.00000000
-7.20 0.00000000
-7.10 0.00000000
-7.00 0.00000000
-6.90 0.00000000
-6.80 0.00000000
-6.70 0.00000000
-6.60 0.00000000
-6.50 0.00000000
-6.40 0.00000000
-6.30 0.00000000
-6.20 0.00000000
-6.10 0.00000000
-6.00 0.00000000
-5.90 0.00000000
-5.80 0.00000000
-5.70 0.00000000
-5.60 0.00000000
-5.50 0.00000000
-5.40 0.00000000
-5.30 0.00000000
-5.20 0.00000000
-5.10 0.00000000
-5.00 0.00000000
-4.90 0.00000000
-4.80 0.00000000
-4.70 0.00000000
-4.60 0.00000000
-4.50 0.00000000
-4.40 0.00000000
-4.30 0.00000000
-4.20 0.00000000
-4.10 0.00000000
-4.00 0.00000000
-3.90 0.00000000
-3.80 0.00000000
-3.70 0.00000000
-3.60 0.00000000
-3.50 0.00000000
-3.40 0.00000000
-3.30 0.00000000
-3.20 0.00000000
-3.10 0.00000000
-3.00 0.00000000
-2.90 0.00000000
-2.80 0.00000000
-2.70 0.00000000
-2.60 0.00000000
-2.50 0.00000000
-2.40 0.00000000
-2.30 0.00000000
-2.20 0.00000000
-2.10 0.00000000
-2.00 0.00000000
-1.90 0.00000000
-1.80 0.00000000
-1.70 0.00000000
-1.60 0.00000000
-1.50 0.00000000
-1.40 0.00000000
-1.30 0.00000000
-1.20 0.00000000
-1.10 0.00000000
-1.00 0.00000000
-0.90 0.00000000
-0.80 0.00000000
-0.70 0.00000000
-0.60 0.00000000
-0.50 0.00000000
-0.40 0.00000000
-0.30 0.00000000
-0.20 0.00000000
-0.10 0.00000000
-0.00 0.00001335
0.10 0.00040175
0.20 0.00104444
0.30 0.00168713
0.40 0.00266650
0.50 0.00395188
0.60 0.00523725
0.70 0.00679424
0.80 0.00872231
0.90 0.01099272
1.00 0.01388482
1.10 0.02957986
1.20 0.05318444
1.30 0.07828484
1.40 0.09573522
1.50 0.11560589
1.60 0.14403384
1.70 0.16784066
1.80 0.20099372
1.90 0.23158891
2.00 0.30607918
2.10 0.34498810
2.20 0.39001436
2.30 0.44195173
2.40 0.49485184
2.50 0.56011292
2.60 0.62117202
2.70 0.66394819
2.80 0.70250947
2.90 0.75718936
3.00 0.80614483
3.10 0.84734350
3.20 0.88977323
3.30 0.92561154
3.40 0.95030491
3.50 0.97055085
3.60 0.98696197
3.70 0.99714161
3.80 1.00000000
3.90 0.99919395
4.00 0.99756925
4.10 0.99467716
4.20 0.99098927
4.30 0.98520508
4.40 0.97922069
4.50 0.97247247
4.60 0.96479070
4.70 0.95313438
4.80 0.94016709
4.90 0.92809240
5.00 0.91277576
5.10 0.89727933
5.20 0.87929051
5.30 0.85781918
5.40 0.84024062
5.50 0.82339482
5.60 0.80343182
5.70 0.78269209
5.80 0.76546203
5.90 0.75003752
6.00 0.73461300
6.10 0.71918849
6.20 0.70400843
6.30 0.68896953
6.40 0.67393062
6.50 0.65889172
6.60 0.64385282
6.70 0.62684071
6.80 0.60756007
6.90 0.58827944
7.00 0.56989888
7.10 0.55300536
7.20 0.53613479
7.30 0.51926423
7.40 0.50243045
7.50 0.48572056
7.60 0.46901067
7.70 0.45276858
7.80 0.43812754
7.90 0.42366706
8.00 0.40920658
8.10 0.39462481
8.20 0.37422463
8.30 0.35365861
8.40 0.33370410
8.50 0.31925849
8.60 0.30624405
8.70 0.29322962
8.80 0.28021518
8.90 0.26926696
9.00 0.25898395
9.10 0.24870094
9.20 0.23631244
9.30 0.22281599
9.40 0.20931955
9.50 0.19582310
9.60 0.18282991
9.70 0.17029573
9.80 0.15730431
9.90 0.14383043
10.00 0.13110876
10.10 0.11950833
10.20 0.10824624
10.30 0.09764189
10.40 0.08824367
10.50 0.08245948
10.60 0.07691016
10.70 0.07241135
10.80 0.06791253
10.90 0.06359140
11.00 0.06030501
11.10 0.05709157
11.20 0.05387813
11.30 0.05066469
11.40 0.04745125
11.50 0.04429617
11.60 0.04158929
11.70 0.03901853
11.80 0.03644778
11.90 0.03437688
12.00 0.03244881
12.10 0.03052075
12.20 0.02859268
12.30 0.02666462
12.40 0.02512795
12.50 0.02384258
12.60 0.02255720
12.70 0.02127182
12.80 0.01998645
12.90 0.01870107
13.00 0.01761208
13.10 0.01677599
13.20 0.01594968
13.30 0.01512337
13.40 0.01429705
13.50 0.01347074
13.60 0.01264443
13.70 0.01186546
13.80 0.01120669
13.90 0.01056400
14.00 0.00992131
14.10 0.00927863
14.20 0.00863594
14.30 0.00801157
14.40 0.00773930
14.50 0.00749829
14.60 0.00725728
14.70 0.00701627
14.80 0.00677526
14.90 0.00653426
15.00 0.00629325
15.10 0.00604418
15.20 0.00564306
15.30 0.00516105
15.40 0.00467903
15.50 0.00419701
15.60 0.00371500
15.70 0.00323298
15.80 0.00275096
15.90 0.00226895
16.00 0.00189570
16.10 0.00164903
16.20 0.00140802
16.30 0.00116701
16.40 0.00092600
16.50 0.00068499
16.60 0.00044399
16.70 0.00020298
16.80 0.00000838
16.90 0.00000000
17.00 0.00000000
17.10 0.00000000
17.20 0.00000000
17.30 0.00000000
17.40 0.00000000
17.50 0.00000000
17.60 0.00000000
17.70 0.00000000
17.80 0.00000000
17.90 0.00000000
18.00 0.00000000
18.10 0.00000000
18.20 0.00000000
18.30 0.00000000
18.40 0.00000000
18.50 0.00000000
18.60 0.00000000
18.70 0.00000000
18.80 0.00000000
18.90 0.00000000
19.00 0.00000000
19.10 0.00000000
19.20 0.00000000
19.30 0.00000000
19.40 0.00000000
19.50 0.00000000
19.60 0.00000000
19.70 0.00000000
19.80 0.00000000
19.90 0.00000000
20.00 0.00000000
20.10 0.00000000
20.20 0.00000000
20.30 0.00000000
20.40 0.00000000
20.50 0.00000000
20.60 0.00000000
20.70 0.00000000
20.80 0.00000000
20.90 0.00000000
21.00 0.00000000
21.10 0.00000000
21.20 0.00000000
21.30 0.00000000
21.40 0.00000000
21.50 0.00000000
21.60 0.00000000
21.70 0.00000000
21.80 0.00000000
21.90 0.00000000
22.00 0.00000000
22.10 0.00000000
22.20 0.00000000
22.30 0.00000000
22.40 0.00000000
22.50 0.00000000
22.60 0.00000000
22.70 0.00000000
22.80 0.00000000
22.90 0.00000000
23.00 0.00000000
23.10 0.00000000
23.20 0.00000000
23.30 0.00000000
23.40 0.00000000
23.50 0.00000000
23.60 0.00000000
23.70 0.00000000
23.80 0.00000000
23.90 0.00000000
24.00 0.00000000
24.10 0.00000000
24.20 0.00000000
24.30 0.00000000
24.40 0.00000000
24.50 0.00000000
24.60 0.00000000
24.70 0.00000000
24.80 0.00000000
24.90 0.00000000
25.00 0.00000000
25.10 0.00000000
25.20 0.00000000
25.30 0.00000000
25.40 0.00000000
25.50 0.00000000
25.60 0.00000000
25.70 0.00000000
25.80 0.00000000
25.90 0.00000000
26.00 0.00000000
26.10 0.00000000
26.20 0.00000000
26.30 0.00000000
26.40 0.00000000
26.50 0.00000000
26.60 0.00000000
26.70 0.00000000
26.80 0.00000000
26.90 0.00000000
27.00 0.00000000
27.10 0.00000000
27.20 0.00000000
27.30 0.00000000
27.40 0.00000000
27.50 0.00000000
27.60 0.00000000
27.70 0.00000000
27.80 0.00000000
27.90 0.00000000
28.00 0.00000000
28.10 0.00000000
28.20 0.00000000
28.30 0.00000000
28.40 0.00000000
28.50 0.00000000
28.60 0.00000000
28.70 0.00000000
28.80 0.00000000
28.90 0.00000000
29.00 0.00000000
29.10 0.00000000
29.20 0.00000000
29.30 0.00000000
29.40 0.00000000
29.50 0.00000000
29.60 0.00000000
29.70 0.00000000
29.80 0.00000000
29.90 0.00000000
30.00 0.00000000
30.10 0.00000000
30.20 0.00000000
30.30 0.00000000
30.40 0.00000000
30.50 0.00000000
30.60 0.00000000
30.70 0.00000000
30.80 0.00000000
30.90 0.00000000
31.00 0.00000000
31.10 0.00000000
31.20 0.00000000
31.30 0.00000000
31.40 0.00000000
31.50 0.00000000
31.60 0.00000000
31.70 0.00000000
31.80 0.00000000
31.90 0.00000000
32.00 0.00000000
32.10 0.00000000
32.20 0.00000000
32.30 0.00000000
32.40 0.00000000
32.50 0.00000000
32.60 0.00000000
32.70 0.00000000
32.80 0.00000000
32.90 0.00000000
33.00 0.00000000
33.10 0.00000000
33.20 0.00000000
33.30 0.00000000
33.40 0.00000000
33.50 0.00000000
33.60 0.00000000
33.70 0.00000000
33.80 0.00000000
33.90 0.00000000
34.00 0.00000000
34.10 0.00000000
34.20 0.00000000
34.30 0.00000000
34.40 0.00000000
34.50 0.00000000
34.60 0.00000000
34.70 0.00000000
34.80 0.00000000
34.90 0.00000000
35.00 0.00000000
35.10 0.00000000
35.20 0.00000000
35.30 0.00000000
35.40 0.00000000
35.50 0.00000000
35.60 0.00000000
35.70 0.00000000
35.80 0.00000000
35.90 0.00000000
36.00 0.00000000
36.10 0.00000000
36.20 0.00000000
36.30 0.00000000
36.40 0.00000000
36.50 0.00000000
36.60 0.00000000
36.70 0.00000000
36.80 0.00000000
36.90 0.00000000
37.00 0.00000000
37.10 0.00000000
37.20 0.00000000
37.30 0.00000000
37.40 0.00000000
37.50 0.00000000
37.60 0.00000000
37.70 0.00000000
37.80 0.00000000
37.90 0.00000000
38.00 0.00000000
38.10 0.00000000
38.20 0.00000000
38.30 0.00000000
38.40 0.00000000
38.50 0.00000000
38.60 0.00000000
38.70 0.00000000
38.80 0.00000000
38.90 0.00000000
39.00 0.00000000
39.10 0.00000000
39.20 0.00000000
39.30 0.00000000
39.40 0.00000000
39.50 0.00000000
39.60 0.00000000
39.70 0.00000000
39.80 0.00000000
39.90 0.00000000
