# SiPM pulse for FWHM 7ns derived from a 7ns not-smoothed template
# Developed by L. David M. Miranda from Andrii Nagai's measurements on LCT2 sensor
# time Norm. Amplitude (FWHM SiPM 7ns)
# Time [ns] - Norm. Amplitude [A.U.]
-10.10 0.00000000
-10.00 0.00000000
-9.90 0.00000000
-9.80 0.00000000
-9.70 0.00000000
-9.60 0.00000000
-9.50 0.00000000
-9.40 0.00000000
-9.30 0.00000000
-9.20 0.00000000
-9.10 0.00000000
-9.00 0.00000000
-8.90 0.00000000
-8.80 0.00000000
-8.70 0.00000000
-8.60 0.00000000
-8.50 0.00000000
-8.40 0.00000000
-8.30 0.00000000
-8.20 0.00000000
-8.10 0.00000000
-8.00 0.00000000
-7.90 0.00000000
-7.80 0.00000000
-7.70 0.00000000
-7.60 0.00000000
-7.50 0.00000000
-7.40 0.00000000
-7.30 0.00000000
-7.20 0.00000000
-7.10 0.00000000
-7.00 0.00000000
-6.90 0.00000000
-6.80 0.00000000
-6.70 0.00000000
-6.60 0.00000000
-6.50 0.00000000
-6.40 0.00000000
-6.30 0.00000000
-6.20 0.00000000
-6.10 0.00000000
-6.00 0.00000000
-5.90 0.00000000
-5.80 0.00000000
-5.70 0.00000000
-5.60 0.00000000
-5.50 0.00000000
-5.40 0.00000000
-5.30 0.00000000
-5.20 0.00000000
-5.10 0.00000000
-5.00 0.00000000
-4.90 0.00000000
-4.80 0.00000000
-4.70 0.00000000
-4.60 0.00000000
-4.50 0.00000000
-4.40 0.00000000
-4.30 0.00000000
-4.20 0.00000000
-4.10 0.00000000
-4.00 0.00000000
-3.90 0.00000000
-3.80 0.00000000
-3.70 0.00000000
-3.60 0.00000000
-3.50 0.00000000
-3.40 0.00000000
-3.30 0.00000000
-3.20 0.00000000
-3.10 0.00000000
-3.00 0.00000000
-2.90 0.00000000
-2.80 0.00000000
-2.70 0.00000000
-2.60 0.00000000
-2.50 0.00000000
-2.40 0.00000000
-2.30 0.00000000
-2.20 0.00000000
-2.10 0.00000000
-2.00 0.00000000
-1.90 0.00000000
-1.80 0.00000000
-1.70 0.00000000
-1.60 0.00000000
-1.50 0.00000000
-1.40 0.00000000
-1.30 0.00000000
-1.20 0.00000000
-1.10 0.00000000
-1.00 0.00000000
-0.90 0.00000000
-0.80 0.00000000
-0.70 0.00000000
-0.60 0.00000000
-0.50 0.00000000
-0.40 0.00000000
-0.30 0.00000000
-0.20 0.00000000
-0.10 0.00000000
-0.00 0.00000958
0.10 0.00016628
0.20 0.00062560
0.30 0.00108491
0.40 0.00154422
0.50 0.00210262
0.60 0.00293268
0.70 0.00385130
0.80 0.00476993
0.90 0.00574146
1.00 0.00692123
1.10 0.00829917
1.20 0.00977981
1.30 0.01160002
1.40 0.01366693
1.50 0.02068227
1.60 0.03776088
1.70 0.05517888
1.80 0.07387325
1.90 0.08751142
2.00 0.09922390
2.10 0.11360271
2.20 0.13369121
2.30 0.15344074
2.40 0.16890055
2.50 0.18922832
2.60 0.21992671
2.70 0.25150036
2.80 0.30357435
2.90 0.33050312
3.00 0.36055424
3.10 0.39378298
3.20 0.43065551
3.30 0.46858268
3.40 0.50904694
3.50 0.55571754
3.60 0.60081539
3.70 0.63796481
3.80 0.66692149
3.90 0.69448025
4.00 0.72776552
4.10 0.76874557
4.20 0.80342998
4.30 0.83319226
4.40 0.86274407
4.50 0.89313735
4.60 0.91965406
4.70 0.93885990
4.80 0.95492097
4.90 0.96933836
5.00 0.98184053
5.10 0.99125113
5.20 0.99757188
5.30 1.00000000
5.40 0.99960674
5.50 0.99891777
5.60 0.99767818
5.70 0.99561127
5.80 0.99345973
5.90 0.99042986
6.00 0.98629604
6.10 0.98210497
6.20 0.97760533
6.30 0.97278255
6.40 0.96752405
6.50 0.96065213
6.60 0.95189014
6.70 0.94259581
6.80 0.93385622
6.90 0.92446675
7.00 0.91351184
7.10 0.90245401
7.20 0.89079042
7.30 0.87729802
7.40 0.86201066
7.50 0.84801810
7.60 0.83630562
7.70 0.82419633
7.80 0.81045582
7.90 0.79529850
8.00 0.78081151
8.10 0.76833698
8.20 0.75731348
8.30 0.74628997
8.40 0.73526646
8.50 0.72424296
8.60 0.71329103
8.70 0.70247859
8.80 0.69173067
8.90 0.68098275
9.00 0.67023483
9.10 0.65948691
9.20 0.64873899
9.30 0.63753338
9.40 0.62483699
9.50 0.61105761
9.60 0.59727823
9.70 0.58349885
9.80 0.57052814
9.90 0.55844549
10.00 0.54638853
10.10 0.53433157
10.20 0.52227461
10.30 0.51022750
10.40 0.49823751
10.50 0.48629538
10.60 0.47435324
10.70 0.46241111
10.80 0.45113763
10.90 0.44066483
11.00 0.43033030
11.10 0.41999576
11.20 0.40966122
11.30 0.39926173
11.40 0.38661661
11.50 0.37191861
11.60 0.35722060
11.70 0.34252259
11.80 0.32974897
11.90 0.31963134
12.00 0.31033025
12.10 0.30102917
12.20 0.29172808
12.30 0.28242700
12.40 0.27404999
12.50 0.26659630
12.60 0.25924730
12.70 0.25189829
12.80 0.24388003
12.90 0.23471858
13.00 0.22507301
13.10 0.21542745
13.20 0.20578188
13.30 0.19613631
13.40 0.18677359
13.50 0.17773745
13.60 0.16878085
13.70 0.15949910
13.80 0.14990148
13.90 0.14025591
14.00 0.13134691
14.10 0.12304488
14.20 0.11479437
14.30 0.10693459
14.40 0.09935593
14.50 0.09206554
14.60 0.08669287
14.70 0.08255906
14.80 0.07855729
14.90 0.07505508
15.00 0.07183989
15.10 0.06862470
15.20 0.06540951
15.30 0.06268414
15.40 0.06034987
15.50 0.05805330
15.60 0.05575674
15.70 0.05346018
15.80 0.05116361
15.90 0.04886705
16.00 0.04657048
16.10 0.04433071
16.20 0.04235118
16.30 0.04051393
16.40 0.03867668
16.50 0.03683943
16.60 0.03524544
16.70 0.03384230
16.80 0.03246436
16.90 0.03108642
17.00 0.02970848
17.10 0.02833054
17.20 0.02695260
17.30 0.02575174
17.40 0.02476758
17.50 0.02384895
17.60 0.02293033
17.70 0.02201170
17.80 0.02109308
17.90 0.02017445
18.00 0.01925583
18.10 0.01833720
18.20 0.01761369
18.30 0.01701325
18.40 0.01642271
18.50 0.01583216
18.60 0.01524162
18.70 0.01465107
18.80 0.01406053
18.90 0.01346998
19.00 0.01287944
19.10 0.01228889
19.20 0.01176602
19.30 0.01129676
19.40 0.01083745
19.50 0.01037814
19.60 0.00991883
19.70 0.00945951
19.80 0.00900020
19.90 0.00854089
20.00 0.00809587
20.10 0.00784090
20.20 0.00766866
20.30 0.00749642
20.40 0.00732418
20.50 0.00715193
20.60 0.00697969
20.70 0.00680745
20.80 0.00663521
20.90 0.00646297
21.00 0.00629072
21.10 0.00611848
21.20 0.00588764
21.30 0.00556893
21.40 0.00522444
21.50 0.00487996
21.60 0.00453547
21.70 0.00419099
21.80 0.00384650
21.90 0.00350202
22.00 0.00315753
22.10 0.00281305
22.20 0.00246856
22.30 0.00212408
22.40 0.00189156
22.50 0.00171407
22.60 0.00154182
22.70 0.00136958
22.80 0.00119734
22.90 0.00102510
23.00 0.00085285
23.10 0.00068061
23.20 0.00050837
23.30 0.00033613
23.40 0.00016389
23.50 0.00002945
23.60 0.00000000
23.70 0.00000000
23.80 0.00000000
23.90 0.00000000
24.00 0.00000000
24.10 0.00000000
24.20 0.00000000
24.30 0.00000000
24.40 0.00000000
24.50 0.00000000
24.60 0.00000000
24.70 0.00000000
24.80 0.00000000
24.90 0.00000000
25.00 0.00000000
25.10 0.00000000
25.20 0.00000000
25.30 0.00000000
25.40 0.00000000
25.50 0.00000000
25.60 0.00000000
25.70 0.00000000
25.80 0.00000000
25.90 0.00000000
26.00 0.00000000
26.10 0.00000000
26.20 0.00000000
26.30 0.00000000
26.40 0.00000000
26.50 0.00000000
26.60 0.00000000
26.70 0.00000000
26.80 0.00000000
26.90 0.00000000
27.00 0.00000000
27.10 0.00000000
27.20 0.00000000
27.30 0.00000000
27.40 0.00000000
27.50 0.00000000
27.60 0.00000000
27.70 0.00000000
27.80 0.00000000
27.90 0.00000000
28.00 0.00000000
28.10 0.00000000
28.20 0.00000000
28.30 0.00000000
28.40 0.00000000
28.50 0.00000000
28.60 0.00000000
28.70 0.00000000
28.80 0.00000000
28.90 0.00000000
29.00 0.00000000
29.10 0.00000000
29.20 0.00000000
29.30 0.00000000
29.40 0.00000000
29.50 0.00000000
29.60 0.00000000
29.70 0.00000000
29.80 0.00000000
29.90 0.00000000
30.00 0.00000000
30.10 0.00000000
30.20 0.00000000
30.30 0.00000000
30.40 0.00000000
30.50 0.00000000
30.60 0.00000000
30.70 0.00000000
30.80 0.00000000
30.90 0.00000000
31.00 0.00000000
31.10 0.00000000
31.20 0.00000000
31.30 0.00000000
31.40 0.00000000
31.50 0.00000000
31.60 0.00000000
31.70 0.00000000
31.80 0.00000000
31.90 0.00000000
32.00 0.00000000
32.10 0.00000000
32.20 0.00000000
32.30 0.00000000
32.40 0.00000000
32.50 0.00000000
32.60 0.00000000
32.70 0.00000000
32.80 0.00000000
32.90 0.00000000
33.00 0.00000000
33.10 0.00000000
33.20 0.00000000
33.30 0.00000000
33.40 0.00000000
33.50 0.00000000
33.60 0.00000000
33.70 0.00000000
33.80 0.00000000
33.90 0.00000000
34.00 0.00000000
34.10 0.00000000
34.20 0.00000000
34.30 0.00000000
34.40 0.00000000
34.50 0.00000000
34.60 0.00000000
34.70 0.00000000
34.80 0.00000000
34.90 0.00000000
35.00 0.00000000
35.10 0.00000000
35.20 0.00000000
35.30 0.00000000
35.40 0.00000000
35.50 0.00000000
35.60 0.00000000
35.70 0.00000000
35.80 0.00000000
35.90 0.00000000
36.00 0.00000000
36.10 0.00000000
36.20 0.00000000
36.30 0.00000000
36.40 0.00000000
36.50 0.00000000
36.60 0.00000000
36.70 0.00000000
36.80 0.00000000
36.90 0.00000000
37.00 0.00000000
37.10 0.00000000
37.20 0.00000000
37.30 0.00000000
37.40 0.00000000
37.50 0.00000000
37.60 0.00000000
37.70 0.00000000
37.80 0.00000000
37.90 0.00000000
38.00 0.00000000
38.10 0.00000000
38.20 0.00000000
38.30 0.00000000
38.40 0.00000000
38.50 0.00000000
38.60 0.00000000
38.70 0.00000000
38.80 0.00000000
38.90 0.00000000
39.00 0.00000000
39.10 0.00000000
39.20 0.00000000
39.30 0.00000000
39.40 0.00000000
39.50 0.00000000
39.60 0.00000000
39.70 0.00000000
39.80 0.00000000
39.90 0.00000000
